 0.00000000e+00  1.00326280e-12  0.00000000e+00  2.15520214e-12  0.00000000e+00  1.18452347e-12  0.00000000e+00  7.00857473e-12  0.00000000e+00  6.21427313e-12  0.00000000e+00  1.19970292e-10 
 4.00000000e-03  1.01296718e-12  4.00000000e-03  2.69698689e-12  4.00000000e-03  1.21662097e-12  4.00000000e-03  9.04017554e-12  4.00000000e-03  6.75270215e-12  4.00000000e-03  1.49244219e-10 
 8.00000000e-03  1.02483869e-12  8.00000000e-03  3.05807668e-12  8.00000000e-03  1.25684487e-12  8.00000000e-03  1.04053568e-11  8.00000000e-03  7.40822688e-12  8.00000000e-03  1.68723350e-10 
 1.20000000e-02  1.03743179e-12  1.20000000e-02  3.32088194e-12  1.20000000e-02  1.29986382e-12  1.20000000e-02  1.14216674e-11  1.20000000e-02  8.10248895e-12  1.20000000e-02  1.82837008e-10 
 1.60000000e-02  1.05140575e-12  1.60000000e-02  3.68502275e-12  1.60000000e-02  1.34821821e-12  1.60000000e-02  1.28382389e-11  1.60000000e-02  8.87092295e-12  1.60000000e-02  2.02370472e-10 
 2.00000000e-02  1.06691197e-12  2.00000000e-02  4.08908848e-12  2.00000000e-02  1.40256974e-12  2.00000000e-02  1.44304915e-11  2.00000000e-02  9.72145272e-12  2.00000000e-02  2.23990706e-10 
 2.40000000e-02  1.08411846e-12  2.40000000e-02  4.53745592e-12  2.40000000e-02  1.46366214e-12  2.40000000e-02  1.62202113e-11  2.40000000e-02  1.06628486e-11  2.40000000e-02  2.47920625e-10 
 2.80000000e-02  1.10321162e-12  2.80000000e-02  5.03498156e-12  2.80000000e-02  1.53233143e-12  2.80000000e-02  1.82318856e-11  2.80000000e-02  1.17048177e-11  2.80000000e-02  2.74406956e-10 
 3.20000000e-02  1.12439831e-12  3.20000000e-02  5.58705415e-12  3.20000000e-02  1.60951723e-12  3.20000000e-02  2.04930378e-11  3.20000000e-02  1.28581042e-11  3.20000000e-02  3.03722774e-10 
 3.60000000e-02  1.14790805e-12  3.60000000e-02  6.19965301e-12  3.60000000e-02  1.69627573e-12  3.60000000e-02  2.30346042e-11  3.60000000e-02  1.41345999e-11  3.60000000e-02  3.36170301e-10 
 4.00000000e-02  1.17399553e-12  4.00000000e-02  6.87941274e-12  4.00000000e-02  1.79379406e-12  4.00000000e-02  2.58913566e-11  4.00000000e-02  1.55474666e-11  4.00000000e-02  3.72084051e-10 
 4.40000000e-02  1.20294335e-12  4.40000000e-02  7.63369498e-12  4.40000000e-02  1.90340658e-12  4.40000000e-02  2.91023778e-11  4.40000000e-02  1.71112723e-11  4.40000000e-02  4.11834292e-10 
 4.80000000e-02  1.23506509e-12  4.80000000e-02  8.47066806e-12  4.80000000e-02  2.02661309e-12  4.80000000e-02  3.27115962e-11  4.80000000e-02  1.88421410e-11  4.80000000e-02  4.55830823e-10 
 5.20000000e-02  1.27070870e-12  5.20000000e-02  9.39939536e-12  5.20000000e-02  2.16509935e-12  5.20000000e-02  3.67683862e-11  5.20000000e-02  2.07579189e-11  5.20000000e-02  5.04527204e-10 
 5.60000000e-02  1.31026026e-12  5.60000000e-02  1.04299334e-11  5.60000000e-02  2.32076018e-12  5.60000000e-02  4.13282434e-11  5.60000000e-02  2.28783586e-11  5.60000000e-02  5.58425436e-10 
 6.00000000e-02  1.35414817e-12  6.00000000e-02  1.15734404e-11  6.00000000e-02  2.49572530e-12  6.00000000e-02  4.64535428e-11  6.00000000e-02  2.52253224e-11  6.00000000e-02  6.18081128e-10 
 6.40000000e-02  1.40284778e-12  6.40000000e-02  1.28422972e-11  6.40000000e-02  2.69238852e-12  6.40000000e-02  5.22143921e-11  6.40000000e-02  2.78230076e-11  6.40000000e-02  6.84109226e-10 
 6.80000000e-02  1.45688654e-12  6.80000000e-02  1.42502410e-11  6.80000000e-02  2.91344043e-12  6.80000000e-02  5.86895892e-11  6.80000000e-02  3.06981962e-11  6.80000000e-02  7.57190343e-10 
 7.20000000e-02  1.51684971e-12  7.20000000e-02  1.58125138e-11  7.20000000e-02  3.16190523e-12  7.20000000e-02  6.59676997e-11  7.20000000e-02  3.38805304e-11  7.20000000e-02  8.38077776e-10 
 7.60000000e-02  1.58338665e-12  7.60000000e-02  1.75460273e-11  7.60000000e-02  3.44118203e-12  7.60000000e-02  7.41482669e-11  7.60000000e-02  3.74028184e-11  7.60000000e-02  9.27605258e-10 
 8.00000000e-02  1.65721793e-12  8.00000000e-02  1.94695456e-11  8.00000000e-02  3.75509137e-12  8.00000000e-02  8.33431720e-11  8.00000000e-02  4.13013725e-11  8.00000000e-02  1.02669555e-09 
 8.40000000e-02  1.73914302e-12  8.40000000e-02  2.16038879e-11  8.40000000e-02  4.10792741e-12  8.40000000e-02  9.36781629e-11  8.40000000e-02  4.56163828e-11  8.40000000e-02  1.13636994e-09 
 8.80000000e-02  1.83004903e-12  8.80000000e-02  2.39721536e-11  8.80000000e-02  4.50451667e-12  8.80000000e-02  1.05294572e-10  8.80000000e-02  5.03923320e-11  8.80000000e-02  1.25775876e-09 
 9.20000000e-02  1.93092025e-12  9.20000000e-02  2.65999717e-11  9.20000000e-02  4.95028398e-12  9.20000000e-02  1.18351247e-10  9.20000000e-02  5.56784529e-11  9.20000000e-02  1.39211305e-09 
 9.60000000e-02  2.04284880e-12  9.60000000e-02  2.95157775e-11  9.60000000e-02  5.45132664e-12  9.60000000e-02  1.33026719e-10  9.60000000e-02  6.15292363e-11  9.60000000e-02  1.54081737e-09 
 1.00000000e-01  2.16704647e-12  1.00000000e-01  3.27511201e-11  1.00000000e-01  6.01449774e-12  1.00000000e-01  1.49521645e-10  1.00000000e-01  6.80049919e-11  1.00000000e-01  1.70540415e-09 
 1.04000000e-01  2.30485776e-12  1.04000000e-01  3.63410024e-11  1.04000000e-01  6.64749980e-12  1.04000000e-01  1.68061542e-10  1.04000000e-01  7.51724696e-11  1.04000000e-01  1.88756940e-09 
 1.08000000e-01  2.45777449e-12  1.08000000e-01  4.03242595e-11  1.08000000e-01  7.35899007e-12  1.08000000e-01  1.88899868e-10  1.08000000e-01  8.31055470e-11  1.08000000e-01  2.08919015e-09 
 1.12000000e-01  2.62745184e-12  1.12000000e-01  4.47439772e-11  1.12000000e-01  8.15869875e-12  1.12000000e-01  2.12321487e-10  1.12000000e-01  9.18859908e-11  1.12000000e-01  2.31234386e-09 
 1.16000000e-01  2.81572630e-12  1.16000000e-01  4.96479576e-11  1.16000000e-01  9.05756196e-12  1.16000000e-01  2.38646548e-10  1.16000000e-01  1.01604298e-10  1.16000000e-01  2.55932971e-09 
 1.20000000e-01  3.02463550e-12  1.20000000e-01  5.50892339e-11  1.20000000e-01  1.00678711e-11  1.20000000e-01  2.68234860e-10  1.20000000e-01  1.12360628e-10  1.20000000e-01  2.83269228e-09 
 1.24000000e-01  3.25644018e-12  1.24000000e-01  6.11266430e-11  1.24000000e-01  1.12034408e-11  1.24000000e-01  3.01490802e-10  1.24000000e-01  1.24265836e-10  1.24000000e-01  3.13524777e-09 
 1.28000000e-01  3.51364864e-12  1.28000000e-01  6.78254593e-11  1.28000000e-01  1.24797975e-11  1.28000000e-01  3.38868833e-10  1.28000000e-01  1.37442611e-10  1.28000000e-01  3.47011291e-09 
 1.32000000e-01  3.79904385e-12  1.32000000e-01  7.52580985e-11  1.32000000e-01  1.39143915e-11  1.32000000e-01  3.80879696e-10  1.32000000e-01  1.52026740e-10  1.32000000e-01  3.84073709e-09 
 1.36000000e-01  4.11571343e-12  1.36000000e-01  8.35048976e-11  1.36000000e-01  1.55268351e-11  1.36000000e-01  4.28097381e-10  1.36000000e-01  1.68168507e-10  1.36000000e-01  4.25093776e-09 
 1.40000000e-01  4.46708303e-12  1.40000000e-01  9.26549805e-11  1.40000000e-01  1.73391706e-11  1.40000000e-01  4.81166949e-10  1.40000000e-01  1.86034242e-10  1.40000000e-01  4.70493975e-09 
 1.44000000e-01  4.85695328e-12  1.44000000e-01  1.02807217e-10  1.44000000e-01  1.93761707e-11  1.44000000e-01  5.40813321e-10  1.44000000e-01  2.05808025e-10  1.44000000e-01  5.20741866e-09 
 1.48000000e-01  5.28954077e-12  1.48000000e-01  1.14071289e-10  1.48000000e-01  2.16656771e-11  1.48000000e-01  6.07851162e-10  1.48000000e-01  2.27693591e-10  1.48000000e-01  5.76354896e-09 
 1.52000000e-01  5.76952359e-12  1.52000000e-01  1.26568867e-10  1.52000000e-01  2.42389800e-11  1.52000000e-01  6.83195974e-10  1.52000000e-01  2.51916417e-10  1.52000000e-01  6.37905715e-09 
 1.56000000e-01  6.30209170e-12  1.56000000e-01  1.40434921e-10  1.56000000e-01  2.71312449e-11  1.56000000e-01  7.67876562e-10  1.56000000e-01  2.78726048e-10  1.56000000e-01  7.06028062e-09 
 1.60000000e-01  6.89300295e-12  1.60000000e-01  1.55819173e-10  1.60000000e-01  3.03819925e-11  1.60000000e-01  8.63049044e-10  1.60000000e-01  3.08398662e-10  1.60000000e-01  7.81423277e-09 
 1.64000000e-01  7.54864509e-12  1.64000000e-01  1.72887703e-10  1.64000000e-01  3.40356373e-11  1.64000000e-01  9.70012583e-10  1.64000000e-01  3.41239910e-10  1.64000000e-01  8.64867502e-09 
 1.68000000e-01  8.27610458e-12  1.68000000e-01  1.91824734e-10  1.68000000e-01  3.81420932e-11  1.68000000e-01  1.09022706e-09  1.68000000e-01  3.77588062e-10  1.68000000e-01  9.57219656e-09 
 1.72000000e-01  9.08324296e-12  1.72000000e-01  2.12834611e-10  1.72000000e-01  4.27574538e-11  1.72000000e-01  1.22533294e-09  1.72000000e-01  4.17817483e-10  1.72000000e-01  1.05943025e-08 
 1.76000000e-01  9.97878146e-12  1.76000000e-01  2.36143991e-10  1.76000000e-01  4.79447567e-11  1.76000000e-01  1.37717355e-09  1.76000000e-01  4.62342482e-10  1.76000000e-01  1.17255116e-08 
 1.80000000e-01  1.09723949e-11  1.80000000e-01  2.62004277e-10  1.80000000e-01  5.37748422e-11  1.80000000e-01  1.54782016e-09  1.80000000e-01  5.11621575e-10  1.80000000e-01  1.29774638e-08 
 1.84000000e-01  1.20748157e-11  1.84000000e-01  2.90694311e-10  1.84000000e-01  6.03273180e-11  1.84000000e-01  1.73960008e-09  1.84000000e-01  5.66162193e-10  1.84000000e-01  1.43630404e-08 
 1.88000000e-01  1.32979494e-11  1.88000000e-01  3.22523361e-10  1.88000000e-01  6.76916428e-11  1.88000000e-01  1.95512830e-09  1.88000000e-01  6.26525898e-10  1.88000000e-01  1.58964952e-08 
 1.92000000e-01  1.46550026e-11  1.92000000e-01  3.57834432e-10  1.92000000e-01  7.59683443e-11  1.92000000e-01  2.19734293e-09  1.92000000e-01  6.93334155e-10  1.92000000e-01  1.75936017e-08 
 1.96000000e-01  1.61606248e-11  1.96000000e-01  3.97007936e-10  1.96000000e-01  8.52703863e-11  1.96000000e-01  2.46954510e-09  1.96000000e-01  7.67274712e-10  1.96000000e-01  1.94718141e-08 
 2.00000000e-01  1.78310661e-11  2.00000000e-01  4.40465759e-10  2.00000000e-01  9.57247051e-11  2.00000000e-01  2.77544367e-09  2.00000000e-01  8.49108668e-10  2.00000000e-01  2.15504463e-08 
 2.04000000e-01  1.96843509e-11  2.04000000e-01  4.88675769e-10  2.04000000e-01  1.07473936e-10  2.04000000e-01  3.11920552e-09  2.04000000e-01  9.39678283e-10  2.04000000e-01  2.38508701e-08 
 2.08000000e-01  2.17404722e-11  2.08000000e-01  5.42156807e-10  2.08000000e-01  1.20678349e-10  2.08000000e-01  3.50551190e-09  2.08000000e-01  1.03991563e-09  2.08000000e-01  2.63967336e-08 
 2.12000000e-01  2.40216054e-11  2.12000000e-01  6.01484225e-10  2.12000000e-01  1.35518031e-10  2.12000000e-01  3.93962185e-09  2.12000000e-01  1.15085215e-09  2.12000000e-01  2.92142037e-08 
 2.16000000e-01  2.65523460e-11  2.16000000e-01  6.67296018e-10  2.16000000e-01  1.52195324e-10  2.16000000e-01  4.42744328e-09  2.16000000e-01  1.27362926e-09  2.16000000e-01  3.23322339e-08 
 2.20000000e-01  2.93599735e-11  2.20000000e-01  7.40299611e-10  2.20000000e-01  1.70937577e-10  2.20000000e-01  4.97561276e-09  2.20000000e-01  1.40951002e-09  2.20000000e-01  3.57828600e-08 
 2.24000000e-01  3.24747429e-11  2.24000000e-01  8.21279392e-10  2.24000000e-01  1.92000226e-10  2.24000000e-01  5.59158520e-09  2.24000000e-01  1.55989214e-09  2.24000000e-01  3.96015283e-08 
 2.28000000e-01  3.59302086e-11  2.28000000e-01  9.11105042e-10  2.28000000e-01  2.15670259e-10  2.28000000e-01  6.28373433e-09  2.28000000e-01  1.72632225e-09  2.28000000e-01  4.38274574e-08 
 2.32000000e-01  3.97635832e-11  2.32000000e-01  1.01074077e-09  2.32000000e-01  2.42270101e-10  2.32000000e-01  7.06146564e-09  2.32000000e-01  1.91051180e-09  2.32000000e-01  4.85040393e-08 
 2.36000000e-01  4.40161348e-11  2.36000000e-01  1.12125553e-09  2.36000000e-01  2.72161984e-10  2.36000000e-01  7.93534299e-09  2.36000000e-01  2.11435456e-09  2.36000000e-01  5.36792821e-08 
 2.40000000e-01  4.87336275e-11  2.40000000e-01  1.24383436e-09  2.40000000e-01  3.05752845e-10  2.40000000e-01  8.91723072e-09  2.40000000e-01  2.33994605e-09  2.40000000e-01  5.94063001e-08 
 2.44000000e-01  5.39668097e-11  2.44000000e-01  1.37979090e-09  2.44000000e-01  3.43499830e-10  2.44000000e-01  1.00204531e-08  2.44000000e-01  2.58960496e-09  2.44000000e-01  6.57438557e-08 
 2.48000000e-01  5.97719547e-11  2.48000000e-01  1.53058126e-09  2.48000000e-01  3.85916470e-10  2.48000000e-01  1.12599733e-08  2.48000000e-01  2.86589690e-09  2.48000000e-01  7.27569582e-08 
 2.52000000e-01  6.62114598e-11  2.52000000e-01  1.69781943e-09  2.52000000e-01  4.33579616e-10  2.52000000e-01  1.26525937e-08  2.52000000e-01  3.17166063e-09  2.52000000e-01  8.05175263e-08 
 2.56000000e-01  7.33545101e-11  2.56000000e-01  1.88329421e-09  2.56000000e-01  4.87137220e-10  2.56000000e-01  1.42171814e-08  2.56000000e-01  3.51003711e-09  2.56000000e-01  8.91051204e-08 
 2.60000000e-01  8.12778135e-11  2.60000000e-01  2.08898810e-09  2.60000000e-01  5.47317067e-10  2.60000000e-01  1.59749199e-08  2.60000000e-01  3.88450159e-09  2.60000000e-01  9.86077520e-08 
 2.64000000e-01  9.00664149e-11  2.64000000e-01  2.31709805e-09  2.64000000e-01  6.14936579e-10  2.64000000e-01  1.79495926e-08  2.64000000e-01  4.29889913e-09  2.64000000e-01  1.09122778e-07 
 2.68000000e-01  9.98145979e-11  2.68000000e-01  2.57005856e-09  2.68000000e-01  6.90913808e-10  2.68000000e-01  2.01678997e-08  2.68000000e-01  4.75748382e-09  2.68000000e-01  1.20757892e-07 
 2.72000000e-01  1.10626883e-10  2.72000000e-01  2.85056709e-09  2.72000000e-01  7.76279776e-10  2.72000000e-01  2.26598137e-08  2.72000000e-01  5.26496226e-09  2.72000000e-01  1.33632214e-07 
 2.76000000e-01  1.22619135e-10  2.76000000e-01  3.16161229e-09  2.76000000e-01  8.72192317e-10  2.76000000e-01  2.54589776e-08  2.76000000e-01  5.82654153e-09  2.76000000e-01  1.47877503e-07 
 2.80000000e-01  1.35919782e-10  2.80000000e-01  3.50650512e-09  2.80000000e-01  9.79951597e-10  2.80000000e-01  2.86031519e-08  2.80000000e-01  6.44798229e-09  2.80000000e-01  1.63639488e-07 
 2.84000000e-01  1.50671176e-10  2.84000000e-01  3.88891330e-09  2.84000000e-01  1.10101753e-09  2.84000000e-01  3.21347138e-08  2.84000000e-01  7.13565744e-09  2.84000000e-01  1.81079347e-07 
 2.88000000e-01  1.67031088e-10  2.88000000e-01  4.31289941e-09  2.88000000e-01  1.23702931e-09  2.88000000e-01  3.61012182e-08  2.88000000e-01  7.89661706e-09  2.88000000e-01  2.00375337e-07 
 2.92000000e-01  1.85174371e-10  2.92000000e-01  4.78296291e-09  2.92000000e-01  1.38982728e-09  2.92000000e-01  4.05560242e-08  2.92000000e-01  8.73866013e-09  2.92000000e-01  2.21724593e-07 
 2.96000000e-01  2.05294791e-10  2.96000000e-01  5.30408665e-09  2.96000000e-01  1.56147750e-09  2.96000000e-01  4.55589978e-08  2.96000000e-01  9.67041381e-09  2.96000000e-01  2.45345122e-07 
 3.00000000e-01  2.27607064e-10  3.00000000e-01  5.88178821e-09  3.00000000e-01  1.75429926e-09  3.00000000e-01  5.11772975e-08  3.00000000e-01  1.07014211e-08  3.00000000e-01  2.71477998e-07 
 3.04000000e-01  2.52349097e-10  3.04000000e-01  6.52217659e-09  3.04000000e-01  1.97089588e-09  3.04000000e-01  5.74862540e-08  3.04000000e-01  1.18422378e-08  3.04000000e-01  3.00389792e-07 
 3.08000000e-01  2.79784477e-10  3.08000000e-01  7.23201482e-09  3.08000000e-01  2.21418929e-09  3.08000000e-01  6.45703538e-08  3.08000000e-01  1.31045394e-08  3.08000000e-01  3.32375252e-07 
 3.12000000e-01  3.10205216e-10  3.12000000e-01  8.01878900e-09  3.12000000e-01  2.48745871e-09  3.12000000e-01  7.25243398e-08  3.12000000e-01  1.45012398e-08  3.12000000e-01  3.67760268e-07 
 3.16000000e-01  3.43934789e-10  3.16000000e-01  8.89078457e-09  3.16000000e-01  2.79438401e-09  3.16000000e-01  8.14544410e-08  3.16000000e-01  1.60466216e-08  3.16000000e-01  4.06905138e-07 
 3.20000000e-01  3.81331492e-10  3.20000000e-01  9.85717039e-09  3.20000000e-01  3.13909424e-09  3.20000000e-01  9.14797478e-08  3.20000000e-01  1.77564809e-08  3.20000000e-01  4.50208177e-07 
 3.24000000e-01  4.22792152e-10  3.24000000e-01  1.09280914e-08  3.24000000e-01  3.52622199e-09  3.24000000e-01  1.02733748e-07  3.24000000e-01  1.96482870e-08  3.24000000e-01  4.98109707e-07 
 3.28000000e-01  4.68756224e-10  3.28000000e-01  1.21147710e-08  3.28000000e-01  3.96096422e-09  3.28000000e-01  1.15366042e-07  3.28000000e-01  2.17413586e-08  3.28000000e-01  5.51096449e-07 
 3.32000000e-01  5.19710320e-10  3.32000000e-01  1.34296233e-08  3.32000000e-01  4.44915033e-09  3.32000000e-01  1.29544258e-07  3.32000000e-01  2.40570586e-08  3.32000000e-01  6.09706378e-07 
 3.36000000e-01  5.76193210e-10  3.36000000e-01  1.48863776e-08  3.36000000e-01  4.99731828e-09  3.36000000e-01  1.45456190e-07  3.36000000e-01  2.66190096e-08  3.36000000e-01  6.74534080e-07 
 3.40000000e-01  6.38801341e-10  3.40000000e-01  1.65002149e-08  3.40000000e-01  5.61279985e-09  3.40000000e-01  1.63312184e-07  3.40000000e-01  2.94533312e-08  3.40000000e-01  7.46236656e-07 
 3.44000000e-01  7.08194929e-10  3.44000000e-01  1.82879177e-08  3.44000000e-01  6.30381576e-09  3.44000000e-01  1.83347790e-07  3.44000000e-01  3.25889028e-08  3.44000000e-01  8.25540240e-07 
 3.48000000e-01  7.85104683e-10  3.48000000e-01  2.02680364e-08  3.48000000e-01  7.07958217e-09  3.48000000e-01  2.05826732e-07  3.48000000e-01  3.60576532e-08  3.48000000e-01  9.13247183e-07 
 3.52000000e-01  8.70339220e-10  3.52000000e-01  2.24610701e-08  3.52000000e-01  7.95042961e-09  3.52000000e-01  2.31044203e-07  3.52000000e-01  3.98948803e-08  3.52000000e-01  1.01024397e-06 
 3.56000000e-01  9.64793244e-10  3.56000000e-01  2.48896673e-08  3.56000000e-01  8.92793579e-09  3.56000000e-01  2.59330538e-07  3.56000000e-01  4.41396049e-08  3.56000000e-01  1.11750998e-06 
 3.60000000e-01  1.06945656e-09  3.60000000e-01  2.75788449e-08  3.60000000e-01  1.00250739e-08  3.60000000e-01  2.91055304e-07  3.60000000e-01  4.88349601e-08  3.60000000e-01  1.23612706e-06 
 3.64000000e-01  1.18542400e-09  3.64000000e-01  3.05562298e-08  3.64000000e-01  1.12563782e-08  3.64000000e-01  3.26631841e-07  3.64000000e-01  5.40286214e-08  3.64000000e-01  1.36729019e-06 
 3.68000000e-01  1.31390640e-09  3.68000000e-01  3.38523228e-08  3.68000000e-01  1.26381286e-08  3.68000000e-01  3.66522310e-07  3.68000000e-01  5.97732816e-08  3.68000000e-01  1.51231911e-06 
 3.72000000e-01  1.45624259e-09  3.72000000e-01  3.75007892e-08  3.72000000e-01  1.41885567e-08  3.72000000e-01  4.11243300e-07  3.72000000e-01  6.61271743e-08  3.72000000e-01  1.67267125e-06 
 3.76000000e-01  1.61391271e-09  3.76000000e-01  4.15387766e-08  3.76000000e-01  1.59280750e-08  3.76000000e-01  4.61372047e-07  3.76000000e-01  7.31546516e-08  3.76000000e-01  1.84995584e-06 
 3.80000000e-01  1.78855280e-09  3.80000000e-01  4.60072628e-08  3.80000000e-01  1.78795331e-08  3.80000000e-01  5.17553326e-07  3.80000000e-01  8.09268210e-08  3.80000000e-01  2.04594954e-06 
 3.84000000e-01  1.98197081e-09  3.84000000e-01  5.09514368e-08  3.84000000e-01  2.00685017e-08  3.84000000e-01  5.80507092e-07  3.84000000e-01  8.95222479e-08  3.84000000e-01  2.26261360e-06 
 3.88000000e-01  2.19616429e-09  3.88000000e-01  5.64211160e-08  3.88000000e-01  2.25235898e-08  3.88000000e-01  6.51036928e-07  3.88000000e-01  9.90277298e-08  3.88000000e-01  2.50211273e-06 
 3.92000000e-01  2.43333974e-09  3.92000000e-01  6.24712006e-08  3.92000000e-01  2.52767971e-08  3.92000000e-01  7.30039392e-07  3.92000000e-01  1.09539150e-07  3.92000000e-01  2.76683589e-06 
 3.96000000e-01  2.69593390e-09  3.96000000e-01  6.91621712e-08  3.96000000e-01  2.83639050e-08  3.96000000e-01  8.18514334e-07  3.96000000e-01  1.21162417e-07  3.96000000e-01  3.05941909e-06 
 4.00000000e-01  2.98663711e-09  4.00000000e-01  7.65606310e-08  4.00000000e-01  3.18249118e-08  4.00000000e-01  9.17576283e-07  4.00000000e-01  1.34014502e-07  4.00000000e-01  3.38277050e-06 
 4.04000000e-01  3.30841895e-09  4.04000000e-01  8.47398959e-08  4.04000000e-01  3.57045152e-08  4.04000000e-01  1.02846700e-06  4.04000000e-01  1.48224581e-07  4.04000000e-01  3.74009802e-06 
 4.08000000e-01  3.66455628e-09  4.08000000e-01  9.37806387e-08  4.08000000e-01  4.00526477e-08  4.08000000e-01  1.15256927e-06  4.08000000e-01  1.63935287e-07  4.08000000e-01  4.13493956e-06 
 4.12000000e-01  4.05866405e-09  4.12000000e-01  1.03771588e-07  4.12000000e-01  4.49250693e-08  4.12000000e-01  1.29142211e-06  4.12000000e-01  1.81304097e-07  4.12000000e-01  4.57119624e-06 
 4.16000000e-01  4.49472898e-09  4.16000000e-01  1.14810287e-07  4.16000000e-01  5.03840246e-08  4.16000000e-01  1.44673741e-06  4.16000000e-01  2.00504857e-07  4.16000000e-01  5.05316891e-06 
 4.20000000e-01  4.97714635e-09  4.20000000e-01  1.27003922e-07  4.20000000e-01  5.64989686e-08  4.20000000e-01  1.62041822e-06  4.20000000e-01  2.21729449e-07  4.20000000e-01  5.58559810e-06 
 4.24000000e-01  5.51076035e-09  4.24000000e-01  1.40470210e-07  4.24000000e-01  6.33473703e-08  4.24000000e-01  1.81457871e-06  4.24000000e-01  2.45189641e-07  4.24000000e-01  6.17370791e-06 
 4.28000000e-01  6.10090803e-09  4.28000000e-01  1.55338370e-07  4.28000000e-01  7.10155983e-08  4.28000000e-01  2.03156602e-06  4.28000000e-01  2.71119112e-07  4.28000000e-01  6.82325403e-06 
 4.32000000e-01  6.75346731e-09  4.32000000e-01  1.71750167e-07  4.32000000e-01  7.95998985e-08  4.32000000e-01  2.27398409e-06  4.32000000e-01  2.99775674e-07  4.32000000e-01  7.54057638e-06 
 4.36000000e-01  7.47490937e-09  4.36000000e-01  1.89861042e-07  4.36000000e-01  8.92074710e-08  4.36000000e-01  2.54471952e-06  4.36000000e-01  3.31443723e-07  4.36000000e-01  8.33265670e-06 
 4.40000000e-01  8.27235565e-09  4.40000000e-01  2.09841321e-07  4.40000000e-01  9.99576547e-08  4.40000000e-01  2.84696980e-06  4.40000000e-01  3.66436927e-07  4.40000000e-01  9.20718157e-06 
 4.44000000e-01  9.15363994e-09  4.44000000e-01  2.31877530e-07  4.44000000e-01  1.11983229e-07  4.44000000e-01  3.18427376e-06  4.44000000e-01  4.05101176e-07  4.44000000e-01  1.01726113e-05 
 4.48000000e-01  1.01273759e-08  4.48000000e-01  2.56173795e-07  4.48000000e-01  1.25431845e-07  4.48000000e-01  3.56054459e-06  4.48000000e-01  4.47817818e-07  4.48000000e-01  1.12382552e-05 
 4.52000000e-01  1.12030303e-08  4.52000000e-01  2.82953346e-07  4.52000000e-01  1.40467586e-07  4.52000000e-01  3.98010541e-06  4.52000000e-01  4.95007217e-07  4.52000000e-01  1.24143536e-05 
 4.56000000e-01  1.23910027e-08  4.56000000e-01  3.12460129e-07  4.56000000e-01  1.57272688e-07  4.56000000e-01  4.44772752e-06  4.56000000e-01  5.47132647e-07  4.56000000e-01  1.37121680e-05 
 4.60000000e-01  1.37027113e-08  4.60000000e-01  3.44960523e-07  4.60000000e-01  1.76049406e-07  4.60000000e-01  4.96867148e-06  4.60000000e-01  6.04704561e-07  4.60000000e-01  1.51440782e-05 
 4.64000000e-01  1.51506868e-08  4.64000000e-01  3.80745170e-07  4.64000000e-01  1.97022060e-07  4.64000000e-01  5.54873097e-06  4.64000000e-01  6.68285273e-07  4.64000000e-01  1.67236893e-05 
 4.68000000e-01  1.67486727e-08  4.68000000e-01  4.20130917e-07  4.68000000e-01  2.20439254e-07  4.68000000e-01  6.19427955e-06  4.68000000e-01  7.38494075e-07  4.68000000e-01  1.84659472e-05 
 4.72000000e-01  1.85117342e-08  4.72000000e-01  4.63462883e-07  4.72000000e-01  2.46576296e-07  4.72000000e-01  6.91232026e-06  4.72000000e-01  8.16012851e-07  4.72000000e-01  2.03872653e-05 
 4.76000000e-01  2.04563758e-08  4.76000000e-01  5.11116630e-07  4.76000000e-01  2.75737816e-07  4.76000000e-01  7.71053817e-06  4.76000000e-01  9.01592198e-07  4.76000000e-01  2.25056609e-05 
 4.80000000e-01  2.26006672e-08  4.80000000e-01  5.63500462e-07  4.80000000e-01  3.08260602e-07  4.80000000e-01  8.59735558e-06  4.80000000e-01  9.96058137e-07  4.80000000e-01  2.48409041e-05 
 4.84000000e-01  2.49643795e-08  4.84000000e-01  6.21057834e-07  4.84000000e-01  3.44516661e-07  4.84000000e-01  9.58198997e-06  4.84000000e-01  1.10031943e-06  4.84000000e-01  2.74146797e-05 
 4.88000000e-01  2.75691299e-08  4.88000000e-01  6.84269879e-07  4.88000000e-01  3.84916521e-07  4.88000000e-01  1.06745143e-05  4.88000000e-01  1.21537557e-06  4.88000000e-01  3.02507609e-05 
 4.92000000e-01  3.04385385e-08  4.92000000e-01  7.53658039e-07  4.92000000e-01  4.29912775e-07  4.92000000e-01  1.18859198e-05  4.92000000e-01  1.34232552e-06  4.92000000e-01  3.33751993e-05 
 4.96000000e-01  3.35983942e-08  4.96000000e-01  8.29786802e-07  4.96000000e-01  4.80003880e-07  4.96000000e-01  1.32281802e-05  4.96000000e-01  1.48237717e-06  4.96000000e-01  3.68165292e-05 
 5.00000000e-01  3.70768329e-08  5.00000000e-01  9.13266538e-07  5.00000000e-01  5.35738217e-07  5.00000000e-01  1.47143177e-05  5.00000000e-01  1.63685775e-06  5.00000000e-01  4.06059877e-05 
 5.04000000e-01  4.09045265e-08  5.04000000e-01  1.00475641e-06  5.04000000e-01  5.97718421e-07  5.04000000e-01  1.63584703e-05  5.04000000e-01  1.80722507e-06  5.04000000e-01  4.47777534e-05 
 5.08000000e-01  4.51148842e-08  5.08000000e-01  1.10496736e-06  5.08000000e-01  6.66605979e-07  5.08000000e-01  1.81759589e-05  5.08000000e-01  1.99507978e-06  5.08000000e-01  4.93692022e-05 
 5.12000000e-01  4.97442654e-08  5.12000000e-01  1.21466518e-06  5.12000000e-01  7.43126093e-07  5.12000000e-01  2.01833545e-05  5.12000000e-01  2.20217869e-06  5.12000000e-01  5.44211828e-05 
 5.16000000e-01  5.48322056e-08  5.16000000e-01  1.33467355e-06  5.16000000e-01  8.28072815e-07  5.16000000e-01  2.23985442e-05  5.16000000e-01  2.43044924e-06  5.16000000e-01  5.99783126e-05 
 5.20000000e-01  6.04216538e-08  5.20000000e-01  1.46587721e-06  5.20000000e-01  9.22314446e-07  5.20000000e-01  2.48407955e-05  5.20000000e-01  2.68200519e-06  5.20000000e-01  6.60892945e-05 
 5.24000000e-01  6.65592233e-08  5.24000000e-01  1.60922499e-06  5.24000000e-01  1.02679918e-06  5.24000000e-01  2.75308179e-05  5.24000000e-01  2.95916360e-06  5.24000000e-01  7.28072564e-05 
 5.28000000e-01  7.32954538e-08  5.28000000e-01  1.76573294e-06  5.28000000e-01  1.14256099e-06  5.28000000e-01  3.04908195e-05  5.28000000e-01  3.26446324e-06  5.28000000e-01  8.01901134e-05 
 5.32000000e-01  8.06850868e-08  5.32000000e-01  1.93648730e-06  5.32000000e-01  1.27072574e-06  5.32000000e-01  3.37445601e-05  5.32000000e-01  3.60068450e-06  5.32000000e-01  8.83009541e-05 
 5.36000000e-01  8.87873522e-08  5.36000000e-01  2.12264745e-06  5.36000000e-01  1.41251747e-06  5.36000000e-01  3.73173964e-05  5.36000000e-01  3.97087087e-06  5.36000000e-01  9.72084523e-05 
 5.40000000e-01  9.76662664e-08  5.40000000e-01  2.32544866e-06  5.40000000e-01  1.56926491e-06  5.40000000e-01  4.12363206e-05  5.40000000e-01  4.37835212e-06  5.40000000e-01  1.06987303e-04 
 5.44000000e-01  1.07390942e-07  5.44000000e-01  2.54620478e-06  5.44000000e-01  1.74240803e-06  5.44000000e-01  4.55299896e-05  5.44000000e-01  4.82676930e-06  5.44000000e-01  1.17718685e-04 
 5.48000000e-01  1.18035905e-07  5.48000000e-01  2.78631058e-06  5.48000000e-01  1.93350482e-06  5.48000000e-01  5.02287441e-05  5.48000000e-01  5.32010160e-06  5.48000000e-01  1.29490752e-04 
 5.52000000e-01  1.29681426e-07  5.52000000e-01  3.04724401e-06  5.52000000e-01  2.14423799e-06  5.52000000e-01  5.53646157e-05  5.52000000e-01  5.86269532e-06  5.52000000e-01  1.42399147e-04 
 5.56000000e-01  1.42413857e-07  5.56000000e-01  3.33056803e-06  5.56000000e-01  2.37642175e-06  5.56000000e-01  6.09713215e-05  5.56000000e-01  6.45929478e-06  5.56000000e-01  1.56547542e-04 
 5.60000000e-01  1.56325970e-07  5.60000000e-01  3.63793220e-06  5.60000000e-01  2.63200856e-06  5.60000000e-01  6.70842445e-05  5.60000000e-01  7.11507566e-06  5.60000000e-01  1.72048217e-04 
 5.64000000e-01  1.71517314e-07  5.64000000e-01  3.97107386e-06  5.64000000e-01  2.91309570e-06  5.64000000e-01  7.37403979e-05  5.64000000e-01  7.83568051e-06  5.64000000e-01  1.89022643e-04 
 5.68000000e-01  1.88094561e-07  5.68000000e-01  4.33181887e-06  5.68000000e-01  3.22193174e-06  5.68000000e-01  8.09783746e-05  5.68000000e-01  8.62725680e-06  5.68000000e-01  2.07602115e-04 
 5.72000000e-01  2.06171865e-07  5.72000000e-01  4.72208195e-06  5.72000000e-01  3.56092270e-06  5.72000000e-01  8.88382779e-05  5.72000000e-01  9.49649743e-06  5.72000000e-01  2.27928390e-04 
 5.76000000e-01  2.25871217e-07  5.76000000e-01  5.14386647e-06  5.76000000e-01  3.93263797e-06  5.76000000e-01  9.73616360e-05  5.76000000e-01  1.04506839e-05  5.76000000e-01  2.50154359e-04 
 5.80000000e-01  2.47322797e-07  5.80000000e-01  5.59926376e-06  5.80000000e-01  4.33981579e-06  5.80000000e-01  1.06591297e-04  5.80000000e-01  1.14977323e-05  5.80000000e-01  2.74444736e-04 
 5.84000000e-01  2.70665327e-07  5.84000000e-01  6.09045175e-06  5.84000000e-01  4.78536834e-06  5.84000000e-01  1.16571306e-04  5.84000000e-01  1.26462418e-05  5.84000000e-01  3.00976770e-04 
 5.88000000e-01  2.96046411e-07  5.88000000e-01  6.61969319e-06  5.88000000e-01  5.27238624e-06  5.88000000e-01  1.27346766e-04  5.88000000e-01  1.39055465e-05  5.88000000e-01  3.29940968e-04 
 5.92000000e-01  3.23622872e-07  5.92000000e-01  7.18933310e-06  5.92000000e-01  5.80414247e-06  5.92000000e-01  1.38963674e-04  5.92000000e-01  1.52857696e-05  5.92000000e-01  3.61541834e-04 
 5.96000000e-01  3.53561076e-07  5.96000000e-01  7.80179564e-06  5.96000000e-01  6.38409563e-06  5.96000000e-01  1.51468748e-04  5.96000000e-01  1.67978811e-05  5.96000000e-01  3.95998622e-04 
 6.00000000e-01  3.86037238e-07  6.00000000e-01  8.45958043e-06  6.00000000e-01  7.01589245e-06  6.00000000e-01  1.64909234e-04  6.00000000e-01  1.84537585e-05  6.00000000e-01  4.33546084e-04 
 6.04000000e-01  4.21237719e-07  6.04000000e-01  9.16525810e-06  6.04000000e-01  7.70336950e-06  6.04000000e-01  1.79332693e-04  6.04000000e-01  2.02662498e-05  6.04000000e-01  4.74435232e-04 
 6.08000000e-01  4.59359302e-07  6.08000000e-01  9.92146531e-06  6.08000000e-01  8.45055400e-06  6.08000000e-01  1.94786776e-04  6.08000000e-01  2.22492404e-05  6.08000000e-01  5.18934085e-04 
 6.12000000e-01  5.00609442e-07  6.12000000e-01  1.07308991e-05  6.12000000e-01  9.26166371e-06  6.12000000e-01  2.11318990e-04  6.12000000e-01  2.44177225e-05  6.12000000e-01  5.67328407e-04 
 6.16000000e-01  5.45206495e-07  6.16000000e-01  1.15963107e-05  6.16000000e-01  1.01411059e-05  6.16000000e-01  2.28976439e-04  6.16000000e-01  2.67878676e-05  6.16000000e-01  6.19922435e-04 
 6.20000000e-01  5.93379927e-07  6.20000000e-01  1.25204986e-05  6.20000000e-01  1.10934752e-05  6.20000000e-01  2.47805566e-04  6.20000000e-01  2.93771020e-05  6.20000000e-01  6.77039575e-04 
 6.24000000e-01  6.45370484e-07  6.24000000e-01  1.35063014e-05  6.24000000e-01  1.21235504e-05  6.24000000e-01  2.67851877e-04  6.24000000e-01  3.22041842e-05  6.24000000e-01  7.39023066e-04 
 6.28000000e-01  7.01430338e-07  6.28000000e-01  1.45565898e-05  6.28000000e-01  1.32362902e-05  6.28000000e-01  2.89159657e-04  6.28000000e-01  3.52892865e-05  6.28000000e-01  8.06236609e-04 
 6.32000000e-01  7.61823202e-07  6.32000000e-01  1.56742583e-05  6.32000000e-01  1.44368277e-05  6.32000000e-01  3.11771674e-04  6.32000000e-01  3.86540771e-05  6.32000000e-01  8.79064941e-04 
 6.36000000e-01  8.26824405e-07  6.36000000e-01  1.68622164e-05  6.36000000e-01  1.57304636e-05  6.36000000e-01  3.35728886e-04  6.36000000e-01  4.23218060e-05  6.36000000e-01  9.57914348e-04 
 6.40000000e-01  8.96720934e-07  6.40000000e-01  1.81233793e-05  6.40000000e-01  1.71226588e-05  6.40000000e-01  3.61070124e-04  6.40000000e-01  4.63173919e-05  6.40000000e-01  1.04321311e-03 
 6.44000000e-01  9.71811440e-07  6.44000000e-01  1.94606586e-05  6.44000000e-01  1.86190246e-05  6.44000000e-01  3.87831783e-04  6.44000000e-01  5.06675109e-05  6.44000000e-01  1.13541187e-03 
 6.48000000e-01  1.05240620e-06  6.48000000e-01  2.08769518e-05  6.48000000e-01  2.02253131e-05  6.48000000e-01  4.16047501e-04  6.48000000e-01  5.54006868e-05  6.48000000e-01  1.23498387e-03 
 6.52000000e-01  1.13882705e-06  6.52000000e-01  2.23751326e-05  6.52000000e-01  2.19474046e-05  6.52000000e-01  4.45747835e-04  6.52000000e-01  6.05473819e-05  6.52000000e-01  1.34242516e-03 
 6.56000000e-01  1.23140726e-06  6.56000000e-01  2.39580398e-05  6.56000000e-01  2.37912957e-05  6.56000000e-01  4.76959927e-04  6.56000000e-01  6.61400881e-05  6.56000000e-01  1.45825459e-03 
 6.60000000e-01  1.33049137e-06  6.60000000e-01  2.56284665e-05  6.60000000e-01  2.57630841e-05  6.60000000e-01  5.09707181e-04  6.60000000e-01  7.22134186e-05  6.60000000e-01  1.58301370e-03 
 6.64000000e-01  1.43643499e-06  6.64000000e-01  2.73891489e-05  6.64000000e-01  2.78689532e-05  6.64000000e-01  5.44008926e-04  6.64000000e-01  7.88041977e-05  6.64000000e-01  1.71726648e-03 
 6.68000000e-01  1.54960456e-06  6.68000000e-01  2.92427543e-05  6.68000000e-01  3.01151555e-05  6.68000000e-01  5.79880089e-04  6.68000000e-01  8.59515505e-05  6.68000000e-01  1.86159895e-03 
 6.72000000e-01  1.67037703e-06  6.72000000e-01  3.11918693e-05  6.72000000e-01  3.25079939e-05  6.72000000e-01  6.17330872e-04  6.72000000e-01  9.36969893e-05  6.72000000e-01  2.01661847e-03 
 6.76000000e-01  1.79913952e-06  6.76000000e-01  3.32389874e-05  6.76000000e-01  3.50538024e-05  6.76000000e-01  6.56366431e-04  6.76000000e-01  1.02084498e-04  6.76000000e-01  2.18295294e-03 
 6.80000000e-01  1.93628893e-06  6.80000000e-01  3.53864962e-05  6.80000000e-01  3.77589253e-05  6.80000000e-01  6.96986579e-04  6.80000000e-01  1.11160613e-04  6.80000000e-01  2.36124968e-03 
 6.84000000e-01  2.08223149e-06  6.84000000e-01  3.76366640e-05  6.84000000e-01  4.06296951e-05  6.84000000e-01  7.39185495e-04  6.84000000e-01  1.20974496e-04  6.84000000e-01  2.55217410e-03 
 6.88000000e-01  2.23738224e-06  6.88000000e-01  3.99916262e-05  6.88000000e-01  4.36724093e-05  6.88000000e-01  7.82951467e-04  6.88000000e-01  1.31578006e-04  6.88000000e-01  2.75640802e-03 
 6.92000000e-01  2.40216450e-06  6.92000000e-01  4.24533711e-05  6.92000000e-01  4.68933068e-05  6.92000000e-01  8.28266653e-04  6.92000000e-01  1.43025760e-04  6.92000000e-01  2.97464769e-03 
 6.96000000e-01  2.57700921e-06  6.96000000e-01  4.50237257e-05  6.96000000e-01  5.02985425e-05  6.96000000e-01  8.75106890e-04  6.96000000e-01  1.55375187e-04  6.96000000e-01  3.20760146e-03 
 7.00000000e-01  2.76235430e-06  7.00000000e-01  4.77043402e-05  7.00000000e-01  5.38941619e-05  7.00000000e-01  9.23441534e-04  7.00000000e-01  1.68686572e-04  7.00000000e-01  3.45598706e-03 
 7.04000000e-01  2.95864393e-06  7.04000000e-01  5.04966730e-05  7.04000000e-01  5.76860748e-05  7.04000000e-01  9.73233355e-04  7.04000000e-01  1.83023084e-04  7.04000000e-01  3.72052841e-03 
 7.08000000e-01  3.16632769e-06  7.08000000e-01  5.34019752e-05  7.08000000e-01  6.16800288e-05  7.08000000e-01  1.02443849e-03  7.08000000e-01  1.98450799e-04  7.08000000e-01  4.00195202e-03 
 7.12000000e-01  3.38585973e-06  7.12000000e-01  5.64212743e-05  7.12000000e-01  6.58815827e-05  7.12000000e-01  1.07700643e-03  7.12000000e-01  2.15038700e-04  7.12000000e-01  4.30098283e-03 
 7.16000000e-01  3.61769788e-06  7.16000000e-01  5.95553587e-05  7.16000000e-01  7.02960802e-05  7.16000000e-01  1.13088015e-03  7.16000000e-01  2.32858661e-04  7.16000000e-01  4.61833959e-03 
 7.20000000e-01  3.86230260e-06  7.20000000e-01  6.28047617e-05  7.20000000e-01  7.49286239e-05  7.20000000e-01  1.18599618e-03  7.20000000e-01  2.51985416e-04  7.20000000e-01  4.95472954e-03 
 7.24000000e-01  4.12013597e-06  7.24000000e-01  6.61697459e-05  7.24000000e-01  7.97840496e-05  7.24000000e-01  1.24228487e-03  7.24000000e-01  2.72496498e-04  7.24000000e-01  5.31084267e-03 
 7.28000000e-01  4.39166057e-06  7.28000000e-01  6.96502884e-05  7.28000000e-01  8.48669028e-05  7.28000000e-01  1.29967067e-03  7.28000000e-01  2.94472158e-04  7.28000000e-01  5.68734516e-03 
 7.32000000e-01  4.67733828e-06  7.32000000e-01  7.32460658e-05  7.32000000e-01  9.01814150e-05  7.32000000e-01  1.35807248e-03  7.32000000e-01  3.17995259e-04  7.32000000e-01  6.08487232e-03 
 7.36000000e-01  4.97762910e-06  7.36000000e-01  7.69564411e-05  7.36000000e-01  9.57314827e-05  7.36000000e-01  1.41740411e-03  7.36000000e-01  3.43151136e-04  7.36000000e-01  6.50402084e-03 
 7.40000000e-01  5.29298981e-06  7.40000000e-01  8.07804515e-05  7.40000000e-01  1.01520648e-04  7.40000000e-01  1.47757472e-03  7.40000000e-01  3.70027426e-04  7.40000000e-01  6.94534041e-03 
 7.44000000e-01  5.62387271e-06  7.44000000e-01  8.47167973e-05  7.44000000e-01  1.07552080e-04  7.44000000e-01  1.53848944e-03  7.44000000e-01  3.98713860e-04  7.44000000e-01  7.40932474e-03 
 7.48000000e-01  5.97072419e-06  7.48000000e-01  8.87638331e-05  7.48000000e-01  1.13828563e-04  7.48000000e-01  1.60004996e-03  7.48000000e-01  4.29302024e-04  7.48000000e-01  7.89640201e-03 
 7.52000000e-01  6.33398337e-06  7.52000000e-01  9.29195609e-05  7.52000000e-01  1.20352480e-04  7.52000000e-01  1.66215515e-03  7.52000000e-01  4.61885076e-04  7.52000000e-01  8.40692490e-03 
 7.56000000e-01  6.71408068e-06  7.56000000e-01  9.71816252e-05  7.56000000e-01  1.27125805e-04  7.56000000e-01  1.72470181e-03  7.56000000e-01  4.96557423e-04  7.56000000e-01  8.94116020e-03 
 7.60000000e-01  7.11143637e-06  7.60000000e-01  1.01547311e-04  7.60000000e-01  1.34150095e-04  7.60000000e-01  1.78758535e-03  7.60000000e-01  5.33414357e-04  7.60000000e-01  9.49927814e-03 
 7.64000000e-01  7.52645916e-06  7.64000000e-01  1.06013545e-04  7.64000000e-01  1.41426487e-04  7.64000000e-01  1.85070051e-03  7.64000000e-01  5.72551648e-04  7.64000000e-01  1.00813417e-02 
 7.68000000e-01  7.95954473e-06  7.68000000e-01  1.10576897e-04  7.68000000e-01  1.48955699e-04  7.68000000e-01  1.91394212e-03  7.68000000e-01  6.14065091e-04  7.68000000e-01  1.06872959e-02 
 7.72000000e-01  8.41107434e-06  7.72000000e-01  1.15233589e-04  7.72000000e-01  1.56738024e-04  7.72000000e-01  1.97720579e-03  7.72000000e-01  6.58050015e-04  7.72000000e-01  1.13169576e-02 
 7.76000000e-01  8.88141344e-06  7.76000000e-01  1.19979505e-04  7.76000000e-01  1.64773345e-04  7.76000000e-01  2.04038866e-03  7.76000000e-01  7.04600751e-04  7.76000000e-01  1.19700055e-02 
 7.80000000e-01  9.37091038e-06  7.80000000e-01  1.24810202e-04  7.80000000e-01  1.73061134e-04  7.80000000e-01  2.10339001e-03  7.80000000e-01  7.53810059e-04  7.80000000e-01  1.26459713e-02 
 7.84000000e-01  9.87989506e-06  7.84000000e-01  1.29720925e-04  7.84000000e-01  1.81600465e-04  7.84000000e-01  2.16611193e-03  7.84000000e-01  8.05768522e-04  7.84000000e-01  1.33442319e-02 
 7.88000000e-01  1.04086778e-05  7.88000000e-01  1.34706630e-04  7.88000000e-01  1.90390029e-04  7.88000000e-01  2.22845990e-03  7.88000000e-01  8.60563914e-04  7.88000000e-01  1.40640025e-02 
 7.92000000e-01  1.09575481e-05  7.92000000e-01  1.39762003e-04  7.92000000e-01  1.99428144e-04  7.92000000e-01  2.29034331e-03  7.92000000e-01  9.18280541e-04  7.92000000e-01  1.48043319e-02 
 7.96000000e-01  1.15267738e-05  7.96000000e-01  1.44881486e-04  7.96000000e-01  2.08712776e-04  7.96000000e-01  2.35167593e-03  7.96000000e-01  9.78998569e-04  7.96000000e-01  1.55640995e-02 
 8.00000000e-01  1.21166000e-05  8.00000000e-01  1.50059301e-04  8.00000000e-01  2.18241552e-04  8.00000000e-01  2.41237634e-03  8.00000000e-01  1.04279334e-03  8.00000000e-01  1.63420147e-02 
 8.04000000e-01  1.27272482e-05  8.04000000e-01  1.55289484e-04  8.04000000e-01  2.28011786e-04  8.04000000e-01  2.47236823e-03  8.04000000e-01  1.10973469e-03  8.04000000e-01  1.71366177e-02 
 8.08000000e-01  1.33589159e-05  8.08000000e-01  1.60565911e-04  8.08000000e-01  2.38020498e-04  8.08000000e-01  2.53158072e-03  8.08000000e-01  1.17988628e-03  8.08000000e-01  1.79462844e-02 
 8.12000000e-01  1.40117755e-05  8.12000000e-01  1.65882334e-04  8.12000000e-01  2.48264432e-04  8.12000000e-01  2.58994851e-03  8.12000000e-01  1.25330496e-03  8.12000000e-01  1.87692327e-02 
 8.16000000e-01  1.46859745e-05  8.16000000e-01  1.71232412e-04  8.16000000e-01  2.58740086e-04  8.16000000e-01  2.64741206e-03  8.16000000e-01  1.33004014e-03  8.16000000e-01  1.96035319e-02 
 8.20000000e-01  1.53816348e-05  8.20000000e-01  1.76609747e-04  8.20000000e-01  2.69443729e-04  8.20000000e-01  2.70391767e-03  8.20000000e-01  1.41013322e-03  8.20000000e-01  2.04471150e-02 
 8.24000000e-01  1.60988525e-05  8.24000000e-01  1.82007915e-04  8.24000000e-01  2.80371427e-04  8.24000000e-01  2.75941744e-03  8.24000000e-01  1.49361706e-03  8.24000000e-01  2.12977933e-02 
 8.28000000e-01  1.68376981e-05  8.28000000e-01  1.87420504e-04  8.28000000e-01  2.91519068e-04  8.28000000e-01  2.81386930e-03  8.28000000e-01  1.58051556e-03  8.28000000e-01  2.21532733e-02 
 8.32000000e-01  1.75982165e-05  8.32000000e-01  1.92841144e-04  8.32000000e-01  3.02882381e-04  8.32000000e-01  2.86723687e-03  8.32000000e-01  1.67084325e-03  8.32000000e-01  2.30111761e-02 
 8.36000000e-01  1.83804273e-05  8.36000000e-01  1.98263541e-04  8.36000000e-01  3.14456963e-04  8.36000000e-01  2.91948937e-03  8.36000000e-01  1.76460497e-03  8.36000000e-01  2.38690588e-02 
 8.40000000e-01  1.91843249e-05  8.40000000e-01  2.03681506e-04  8.40000000e-01  3.26238296e-04  8.40000000e-01  2.97060136e-03  8.40000000e-01  1.86179572e-03  8.40000000e-01  2.47244363e-02 
 8.44000000e-01  2.00098793e-05  8.44000000e-01  2.09088989e-04  8.44000000e-01  3.38221774e-04  8.44000000e-01  3.02055264e-03  8.44000000e-01  1.96240046e-03  8.44000000e-01  2.55748057e-02 
 8.48000000e-01  2.08570368e-05  8.48000000e-01  2.14480101e-04  8.48000000e-01  3.50402717e-04  8.48000000e-01  3.06932791e-03  8.48000000e-01  2.06639416e-03  8.48000000e-01  2.64176700e-02 
 8.52000000e-01  2.17257201e-05  8.52000000e-01  2.19849141e-04  8.52000000e-01  3.62776397e-04  8.52000000e-01  3.11691658e-03  8.52000000e-01  2.17374182e-03  8.52000000e-01  2.72505624e-02 
 8.56000000e-01  2.26158299e-05  8.56000000e-01  2.25190621e-04  8.56000000e-01  3.75338050e-04  8.56000000e-01  3.16331243e-03  8.56000000e-01  2.28439866e-03  8.56000000e-01  2.80710707e-02 
 8.60000000e-01  2.35272451e-05  8.60000000e-01  2.30499283e-04  8.60000000e-01  3.88082897e-04  8.60000000e-01  3.20851337e-03  8.60000000e-01  2.39831039e-03  8.60000000e-01  2.88768597e-02 
 8.64000000e-01  2.44598242e-05  8.64000000e-01  2.35770120e-04  8.64000000e-01  4.01006157e-04  8.64000000e-01  3.25252111e-03  8.64000000e-01  2.51541354e-03  8.64000000e-01  2.96656938e-02 
 8.68000000e-01  2.54134061e-05  8.68000000e-01  2.40998388e-04  8.68000000e-01  4.14103065e-04  8.68000000e-01  3.29534083e-03  8.68000000e-01  2.63563594e-03  8.68000000e-01  3.04354565e-02 
 8.72000000e-01  2.63878113e-05  8.72000000e-01  2.46179619e-04  8.72000000e-01  4.27368884e-04  8.72000000e-01  3.33698094e-03  8.72000000e-01  2.75889719e-03  8.72000000e-01  3.11841693e-02 
 8.76000000e-01  2.73828430e-05  8.76000000e-01  2.51309633e-04  8.76000000e-01  4.40798913e-04  8.76000000e-01  3.37745271e-03  8.76000000e-01  2.88510929e-03  8.76000000e-01  3.19100067e-02 
 8.80000000e-01  2.83982883e-05  8.80000000e-01  2.56384541e-04  8.80000000e-01  4.54388505e-04  8.80000000e-01  3.41677001e-03  8.80000000e-01  3.01417725e-03  8.80000000e-01  3.26113106e-02 
 8.84000000e-01  2.94339193e-05  8.84000000e-01  2.61400753e-04  8.84000000e-01  4.68133073e-04  8.84000000e-01  3.45494901e-03  8.84000000e-01  3.14599978e-03  8.84000000e-01  3.32866000e-02 
 8.88000000e-01  3.04894944e-05  8.88000000e-01  2.66354979e-04  8.88000000e-01  4.82028097e-04  8.88000000e-01  3.49200791e-03  8.88000000e-01  3.28047005e-03  8.88000000e-01  3.39345798e-02 
 8.92000000e-01  3.15647592e-05  8.92000000e-01  2.71244227e-04  8.92000000e-01  4.96069136e-04  8.92000000e-01  3.52796668e-03  8.92000000e-01  3.41747642e-03  8.92000000e-01  3.45541458e-02 
 8.96000000e-01  3.26594482e-05  8.96000000e-01  2.76065805e-04  8.96000000e-01  5.10251831e-04  8.96000000e-01  3.56284677e-03  8.96000000e-01  3.55690321e-03  8.96000000e-01  3.51443870e-02 
 9.00000000e-01  3.37732856e-05  9.00000000e-01  2.80817310e-04  9.00000000e-01  5.24571910e-04  9.00000000e-01  3.59667093e-03  9.00000000e-01  3.69863151e-03  9.00000000e-01  3.57045860e-02 
 9.04000000e-01  3.49059867e-05  9.04000000e-01  2.85496629e-04  9.04000000e-01  5.39025198e-04  9.04000000e-01  3.62946296e-03  9.04000000e-01  3.84253990e-03  9.04000000e-01  3.62342165e-02 
 9.08000000e-01  3.60572586e-05  9.08000000e-01  2.90101927e-04  9.08000000e-01  5.53607614e-04  9.08000000e-01  3.66124749e-03  9.08000000e-01  3.98850524e-03  9.08000000e-01  3.67329384e-02 
 9.12000000e-01  3.72268021e-05  9.12000000e-01  2.94631640e-04  9.12000000e-01  5.68315178e-04  9.12000000e-01  3.69204982e-03  9.12000000e-01  4.13640341e-03  9.12000000e-01  3.72005918e-02 
 9.16000000e-01  3.84143118e-05  9.16000000e-01  2.99084466e-04  9.16000000e-01  5.83144013e-04  9.16000000e-01  3.72189571e-03  9.16000000e-01  4.28610998e-03  9.16000000e-01  3.76371880e-02 
 9.20000000e-01  3.96194778e-05  9.20000000e-01  3.03459350e-04  9.20000000e-01  5.98090344e-04  9.20000000e-01  3.75081126e-03  9.20000000e-01  4.43750091e-03  9.20000000e-01  3.80429001e-02 
 9.24000000e-01  4.08419866e-05  9.24000000e-01  3.07755476e-04  9.24000000e-01  6.13150503e-04  9.24000000e-01  3.77882275e-03  9.24000000e-01  4.59045318e-03  9.24000000e-01  3.84180519e-02 
 9.28000000e-01  4.20815216e-05  9.28000000e-01  3.11972254e-04  9.28000000e-01  6.28320926e-04  9.28000000e-01  3.80595649e-03  9.28000000e-01  4.74484533e-03  9.28000000e-01  3.87631064e-02 
 9.32000000e-01  4.33377646e-05  9.32000000e-01  3.16109305e-04  9.32000000e-01  6.43598155e-04  9.32000000e-01  3.83223872e-03  9.32000000e-01  4.90055803e-03  9.32000000e-01  3.90786524e-02 
 9.36000000e-01  4.46103960e-05  9.36000000e-01  3.20166450e-04  9.36000000e-01  6.58978836e-04  9.36000000e-01  3.85769553e-03  9.36000000e-01  5.05747455e-03  9.36000000e-01  3.93653925e-02 
 9.40000000e-01  4.58990962e-05  9.40000000e-01  3.24143698e-04  9.40000000e-01  6.74459719e-04  9.40000000e-01  3.88235272e-03  9.40000000e-01  5.21548117e-03  9.40000000e-01  3.96241293e-02 
 9.44000000e-01  4.72035456e-05  9.44000000e-01  3.28041227e-04  9.44000000e-01  6.90037657e-04  9.44000000e-01  3.90623577e-03  9.44000000e-01  5.37446758e-03  9.44000000e-01  3.98557524e-02 
 9.48000000e-01  4.85234260e-05  9.48000000e-01  3.31859377e-04  9.48000000e-01  7.05709605e-04  9.48000000e-01  3.92936973e-03  9.48000000e-01  5.53432719e-03  9.48000000e-01  4.00612256e-02 
 9.52000000e-01  4.98584206e-05  9.52000000e-01  3.35598634e-04  9.52000000e-01  7.21472615e-04  9.52000000e-01  3.95177918e-03  9.52000000e-01  5.69495739e-03  9.52000000e-01  4.02415743e-02 
 9.56000000e-01  5.12082151e-05  9.56000000e-01  3.39259616e-04  9.56000000e-01  7.37323839e-04  9.56000000e-01  3.97348821e-03  9.56000000e-01  5.85625978e-03  9.56000000e-01  4.03978733e-02 
 9.60000000e-01  5.25724976e-05  9.60000000e-01  3.42843065e-04  9.60000000e-01  7.53260521e-04  9.60000000e-01  3.99452031e-03  9.60000000e-01  6.01814037e-03  9.60000000e-01  4.05312355e-02 
 9.64000000e-01  5.39509596e-05  9.64000000e-01  3.46349830e-04  9.64000000e-01  7.69280001e-04  9.64000000e-01  4.01489840e-03  9.64000000e-01  6.18050967e-03  9.64000000e-01  4.06428011e-02 
 9.68000000e-01  5.53432962e-05  9.68000000e-01  3.49780857e-04  9.68000000e-01  7.85379708e-04  9.68000000e-01  4.03464479e-03  9.68000000e-01  6.34328278e-03  9.68000000e-01  4.07337273e-02 
 9.72000000e-01  5.67492065e-05  9.72000000e-01  3.53137179e-04  9.72000000e-01  8.01557159e-04  9.72000000e-01  4.05378113e-03  9.72000000e-01  6.50637948e-03  9.72000000e-01  4.08051794e-02 
 9.76000000e-01  5.81683936e-05  9.76000000e-01  3.56419907e-04  9.76000000e-01  8.17809957e-04  9.76000000e-01  4.07232844e-03  9.76000000e-01  6.66972422e-03  9.76000000e-01  4.08583224e-02 
 9.80000000e-01  5.96005657e-05  9.80000000e-01  3.59630215e-04  9.80000000e-01  8.34135787e-04  9.80000000e-01  4.09030704e-03  9.80000000e-01  6.83324606e-03  9.80000000e-01  4.08943131e-02 
 9.84000000e-01  6.10454354e-05  9.84000000e-01  3.62769334e-04  9.84000000e-01  8.50532414e-04  9.84000000e-01  4.10773664e-03  9.84000000e-01  6.99687872e-03  9.84000000e-01  4.09142937e-02 
 9.88000000e-01  6.25027204e-05  9.88000000e-01  3.65838544e-04  9.88000000e-01  8.66997680e-04  9.88000000e-01  4.12463623e-03  9.88000000e-01  7.16056041e-03  9.88000000e-01  4.09193858e-02 
 9.92000000e-01  6.39721437e-05  9.92000000e-01  3.68839163e-04  9.92000000e-01  8.83529503e-04  9.92000000e-01  4.14102417e-03  9.92000000e-01  7.32423381e-03  9.92000000e-01  4.09106851e-02 
 9.96000000e-01  6.54534337e-05  9.96000000e-01  3.71772542e-04  9.96000000e-01  9.00125873e-04  9.96000000e-01  4.15691815e-03  9.96000000e-01  7.48784589e-03  9.96000000e-01  4.08892573e-02 
 1.00000000e+00  6.69463241e-05  1.00000000e+00  3.74640057e-04  1.00000000e+00  9.16784849e-04  1.00000000e+00  4.17233521e-03  1.00000000e+00  7.65134786e-03  1.00000000e+00  4.08561340e-02 
 1.00400000e+00  6.84505541e-05  1.00400000e+00  3.77443099e-04  1.00400000e+00  9.33504555e-04  1.00400000e+00  4.18729176e-03  1.00400000e+00  7.81469497e-03  1.00400000e+00  4.08123101e-02 
 1.00800000e+00  6.99658688e-05  1.00800000e+00  3.80183075e-04  1.00800000e+00  9.50283183e-04  1.00800000e+00  4.20180357e-03  1.00800000e+00  7.97784635e-03  1.00800000e+00  4.07587413e-02 
 1.01200000e+00  7.14920187e-05  1.01200000e+00  3.82861396e-04  1.01200000e+00  9.67118984e-04  1.01200000e+00  4.21588579e-03  1.01200000e+00  8.14076490e-03  1.01200000e+00  4.06963421e-02 
 1.01600000e+00  7.30287600e-05  1.01600000e+00  3.85479476e-04  1.01600000e+00  9.84010269e-04  1.01600000e+00  4.22955301e-03  1.01600000e+00  8.30341708e-03  1.01600000e+00  4.06259847e-02 
 1.02000000e+00  7.45758545e-05  1.02000000e+00  3.88038726e-04  1.02000000e+00  1.00095541e-03  1.02000000e+00  4.24281920e-03  1.02000000e+00  8.46577277e-03  1.02000000e+00  4.05484981e-02 
 1.02400000e+00  7.61330698e-05  1.02400000e+00  3.90540549e-04  1.02400000e+00  1.01795282e-03  1.02400000e+00  4.25569778e-03  1.02400000e+00  8.62780507e-03  1.02400000e+00  4.04646675e-02 
 1.02800000e+00  7.77001789e-05  1.02800000e+00  3.92986341e-04  1.02800000e+00  1.03500099e-03  1.02800000e+00  4.26820163e-03  1.02800000e+00  8.78949011e-03  1.02800000e+00  4.03752345e-02 
 1.03200000e+00  7.92769605e-05  1.03200000e+00  3.95377479e-04  1.03200000e+00  1.05209844e-03  1.03200000e+00  4.28034309e-03  1.03200000e+00  8.95080694e-03  1.03200000e+00  4.02808975e-02 
 1.03600000e+00  8.08631988e-05  1.03600000e+00  3.97715327e-04  1.03600000e+00  1.06924373e-03  1.03600000e+00  4.29213401e-03  1.03600000e+00  9.11173729e-03  1.03600000e+00  4.01823118e-02 
 1.04000000e+00  8.24586832e-05  1.04000000e+00  4.00001230e-04  1.04000000e+00  1.08643551e-03  1.04000000e+00  4.30358572e-03  1.04000000e+00  9.27226544e-03  1.04000000e+00  4.00800906e-02 
 1.04400000e+00  8.40632086e-05  1.04400000e+00  4.02236510e-04  1.04400000e+00  1.10367242e-03  1.04400000e+00  4.31470909e-03  1.04400000e+00  9.43237802e-03  1.04400000e+00  3.99748062e-02 
 1.04800000e+00  8.56765752e-05  1.04800000e+00  4.04422467e-04  1.04800000e+00  1.12095318e-03  1.04800000e+00  4.32551455e-03  1.04800000e+00  9.59206389e-03  1.04800000e+00  3.98669909e-02 
 1.05200000e+00  8.72985883e-05  1.05200000e+00  4.06560377e-04  1.05200000e+00  1.13827654e-03  1.05200000e+00  4.33601207e-03  1.05200000e+00  9.75131395e-03  1.05200000e+00  3.97571387e-02 
 1.05600000e+00  8.89290582e-05  1.05600000e+00  4.08651489e-04  1.05600000e+00  1.15564128e-03  1.05600000e+00  4.34621121e-03  1.05600000e+00  9.91012100e-03  1.05600000e+00  3.96457059e-02 
 1.06000000e+00  9.05678003e-05  1.06000000e+00  4.10697026e-04  1.06000000e+00  1.17304623e-03  1.06000000e+00  4.35612113e-03  1.06000000e+00  1.00684796e-02  1.06000000e+00  3.95331136e-02 
 1.06400000e+00  9.22146345e-05  1.06400000e+00  4.12698182e-04  1.06400000e+00  1.19049025e-03  1.06400000e+00  4.36575061e-03  1.06400000e+00  1.02263859e-02  1.06400000e+00  3.94197485e-02 
 1.06800000e+00  9.38693857e-05  1.06800000e+00  4.14656124e-04  1.06800000e+00  1.20797223e-03  1.06800000e+00  4.37510805e-03  1.06800000e+00  1.03838376e-02  1.06800000e+00  3.93059651e-02 
 1.07200000e+00  9.55318835e-05  1.07200000e+00  4.16571989e-04  1.07200000e+00  1.22549111e-03  1.07200000e+00  4.38420151e-03  1.07200000e+00  1.05408336e-02  1.07200000e+00  3.91920866e-02 
 1.07600000e+00  9.72019616e-05  1.07600000e+00  4.18446884e-04  1.07600000e+00  1.24304584e-03  1.07600000e+00  4.39303871e-03  1.07600000e+00  1.06973743e-02  1.07600000e+00  3.90784072e-02 
 1.08000000e+00  9.88794585e-05  1.08000000e+00  4.20281888e-04  1.08000000e+00  1.26063542e-03  1.08000000e+00  4.40162704e-03  1.08000000e+00  1.08534609e-02  1.08000000e+00  3.89651933e-02 
 1.08400000e+00  1.00564217e-04  1.08400000e+00  4.22078050e-04  1.08400000e+00  1.27825886e-03  1.08400000e+00  4.40997360e-03  1.08400000e+00  1.10090958e-02  1.08400000e+00  3.88526854e-02 
 1.08800000e+00  1.02256083e-04  1.08800000e+00  4.23836390e-04  1.08800000e+00  1.29591521e-03  1.08800000e+00  4.41808520e-03  1.08800000e+00  1.11642824e-02  1.08800000e+00  3.87410993e-02 
 1.09200000e+00  1.03954908e-04  1.09200000e+00  4.25557898e-04  1.09200000e+00  1.31360354e-03  1.09200000e+00  4.42596835e-03  1.09200000e+00  1.13190246e-02  1.09200000e+00  3.86306279e-02 
 1.09600000e+00  1.05660546e-04  1.09600000e+00  4.27243536e-04  1.09600000e+00  1.33132296e-03  1.09600000e+00  4.43362932e-03  1.09600000e+00  1.14733274e-02  1.09600000e+00  3.85214428e-02 
 1.10000000e+00  1.07372856e-04  1.10000000e+00  4.28894236e-04  1.10000000e+00  1.34907258e-03  1.10000000e+00  4.44107410e-03  1.10000000e+00  1.16271962e-02  1.10000000e+00  3.84136952e-02 
 1.10400000e+00  1.09091700e-04  1.10400000e+00  4.30510902e-04  1.10400000e+00  1.36685155e-03  1.10400000e+00  4.44830848e-03  1.10400000e+00  1.17806370e-02  1.10400000e+00  3.83075180e-02 
 1.10800000e+00  1.10816943e-04  1.10800000e+00  4.32094412e-04  1.10800000e+00  1.38465904e-03  1.10800000e+00  4.45533798e-03  1.10800000e+00  1.19336563e-02  1.10800000e+00  3.82030265e-02 
 1.11200000e+00  1.12548455e-04  1.11200000e+00  4.33645614e-04  1.11200000e+00  1.40249425e-03  1.11200000e+00  4.46216793e-03  1.11200000e+00  1.20862612e-02  1.11200000e+00  3.81003201e-02 
 1.11600000e+00  1.14286108e-04  1.11600000e+00  4.35165333e-04  1.11600000e+00  1.42035639e-03  1.11600000e+00  4.46880344e-03  1.11600000e+00  1.22384589e-02  1.11600000e+00  3.79994834e-02 
 1.12000000e+00  1.16029778e-04  1.12000000e+00  4.36654363e-04  1.12000000e+00  1.43824468e-03  1.12000000e+00  4.47524943e-03  1.12000000e+00  1.23902570e-02  1.12000000e+00  3.79005871e-02 
 1.12400000e+00  1.17779343e-04  1.12400000e+00  4.38113478e-04  1.12400000e+00  1.45615838e-03  1.12400000e+00  4.48151062e-03  1.12400000e+00  1.25416636e-02  1.12400000e+00  3.78036896e-02 
 1.12800000e+00  1.19534686e-04  1.12800000e+00  4.39543423e-04  1.12800000e+00  1.47409677e-03  1.12800000e+00  4.48759156e-03  1.12800000e+00  1.26926865e-02  1.12800000e+00  3.77088376e-02 
 1.13200000e+00  1.21295691e-04  1.13200000e+00  4.40944920e-04  1.13200000e+00  1.49205912e-03  1.13200000e+00  4.49349664e-03  1.13200000e+00  1.28433343e-02  1.13200000e+00  3.76160671e-02 
 1.13600000e+00  1.23062245e-04  1.13600000e+00  4.42318669e-04  1.13600000e+00  1.51004474e-03  1.13600000e+00  4.49923007e-03  1.13600000e+00  1.29936151e-02  1.13600000e+00  3.75254047e-02 
 1.14000000e+00  1.24834240e-04  1.14000000e+00  4.43665346e-04  1.14000000e+00  1.52805296e-03  1.14000000e+00  4.50479592e-03  1.14000000e+00  1.31435375e-02  1.14000000e+00  3.74368679e-02 
 1.14400000e+00  1.26611568e-04  1.14400000e+00  4.44985604e-04  1.14400000e+00  1.54608311e-03  1.14400000e+00  4.51019811e-03  1.14400000e+00  1.32931100e-02  1.14400000e+00  3.73504666e-02 
 1.14800000e+00  1.28394125e-04  1.14800000e+00  4.46280076e-04  1.14800000e+00  1.56413454e-03  1.14800000e+00  4.51544042e-03  1.14800000e+00  1.34423412e-02  1.14800000e+00  3.72662031e-02 
 1.15200000e+00  1.30181809e-04  1.15200000e+00  4.47549373e-04  1.15200000e+00  1.58220663e-03  1.15200000e+00  4.52052649e-03  1.15200000e+00  1.35912397e-02  1.15200000e+00  3.71840733e-02 
 1.15600000e+00  1.31974520e-04  1.15600000e+00  4.48794088e-04  1.15600000e+00  1.60029875e-03  1.15600000e+00  4.52545985e-03  1.15600000e+00  1.37398138e-02  1.15600000e+00  3.71040675e-02 
 1.16000000e+00  1.33772161e-04  1.16000000e+00  4.50014793e-04  1.16000000e+00  1.61841031e-03  1.16000000e+00  4.53024390e-03  1.16000000e+00  1.38880722e-02  1.16000000e+00  3.70261703e-02 
 1.16400000e+00  1.35574638e-04  1.16400000e+00  4.51212041e-04  1.16400000e+00  1.63654070e-03  1.16400000e+00  4.53488192e-03  1.16400000e+00  1.40360232e-02  1.16400000e+00  3.69503619e-02 
 1.16800000e+00  1.37381858e-04  1.16800000e+00  4.52386369e-04  1.16800000e+00  1.65468936e-03  1.16800000e+00  4.53937709e-03  1.16800000e+00  1.41836751e-02  1.16800000e+00  3.68766184e-02 
 1.17200000e+00  1.39193729e-04  1.17200000e+00  4.53538293e-04  1.17200000e+00  1.67285572e-03  1.17200000e+00  4.54373250e-03  1.17200000e+00  1.43310361e-02  1.17200000e+00  3.68049121e-02 
 1.17600000e+00  1.41010164e-04  1.17600000e+00  4.54668315e-04  1.17600000e+00  1.69103922e-03  1.17600000e+00  4.54795110e-03  1.17600000e+00  1.44781144e-02  1.17600000e+00  3.67352121e-02 
 1.18000000e+00  1.42831076e-04  1.18000000e+00  4.55776920e-04  1.18000000e+00  1.70923933e-03  1.18000000e+00  4.55203579e-03  1.18000000e+00  1.46249178e-02  1.18000000e+00  3.66674848e-02 
 1.18400000e+00  1.44656379e-04  1.18400000e+00  4.56864578e-04  1.18400000e+00  1.72745551e-03  1.18400000e+00  4.55598935e-03  1.18400000e+00  1.47714543e-02  1.18400000e+00  3.66016940e-02 
 1.18800000e+00  1.46485992e-04  1.18800000e+00  4.57931743e-04  1.18800000e+00  1.74568724e-03  1.18800000e+00  4.55981449e-03  1.18800000e+00  1.49177314e-02  1.18800000e+00  3.65378016e-02 
 1.19200000e+00  1.48319833e-04  1.19200000e+00  4.58978855e-04  1.19200000e+00  1.76393403e-03  1.19200000e+00  4.56351383e-03  1.19200000e+00  1.50637567e-02  1.19200000e+00  3.64757678e-02 
 1.19600000e+00  1.50157823e-04  1.19600000e+00  4.60006340e-04  1.19600000e+00  1.78219535e-03  1.19600000e+00  4.56708991e-03  1.19600000e+00  1.52095375e-02  1.19600000e+00  3.64155512e-02 
 1.20000000e+00  1.51999884e-04  1.20000000e+00  4.61014610e-04  1.20000000e+00  1.80047074e-03  1.20000000e+00  4.57054522e-03  1.20000000e+00  1.53550811e-02  1.20000000e+00  3.63571093e-02 
 1.20400000e+00  1.53845940e-04  1.20400000e+00  4.62004065e-04  1.20400000e+00  1.81875972e-03  1.20400000e+00  4.57388213e-03  1.20400000e+00  1.55003944e-02  1.20400000e+00  3.63003987e-02 
 1.20800000e+00  1.55695916e-04  1.20800000e+00  4.62975093e-04  1.20800000e+00  1.83706180e-03  1.20800000e+00  4.57710298e-03  1.20800000e+00  1.56454843e-02  1.20800000e+00  3.62453752e-02 
 1.21200000e+00  1.57549741e-04  1.21200000e+00  4.63928068e-04  1.21200000e+00  1.85537654e-03  1.21200000e+00  4.58021004e-03  1.21200000e+00  1.57903574e-02  1.21200000e+00  3.61919942e-02 
 1.21600000e+00  1.59407341e-04  1.21600000e+00  4.64863355e-04  1.21600000e+00  1.87370348e-03  1.21600000e+00  4.58320551e-03  1.21600000e+00  1.59350202e-02  1.21600000e+00  3.61402108e-02 
 1.22000000e+00  1.61268647e-04  1.22000000e+00  4.65781307e-04  1.22000000e+00  1.89204218e-03  1.22000000e+00  4.58609152e-03  1.22000000e+00  1.60794791e-02  1.22000000e+00  3.60899798e-02 
 1.22400000e+00  1.63133591e-04  1.22400000e+00  4.66682265e-04  1.22400000e+00  1.91039221e-03  1.22400000e+00  4.58887016e-03  1.22400000e+00  1.62237401e-02  1.22400000e+00  3.60412560e-02 
 1.22800000e+00  1.65002106e-04  1.22800000e+00  4.67566563e-04  1.22800000e+00  1.92875315e-03  1.22800000e+00  4.59154345e-03  1.22800000e+00  1.63678091e-02  1.22800000e+00  3.59939946e-02 
 1.23200000e+00  1.66874124e-04  1.23200000e+00  4.68434523e-04  1.23200000e+00  1.94712456e-03  1.23200000e+00  4.59411338e-03  1.23200000e+00  1.65116920e-02  1.23200000e+00  3.59481506e-02 
 1.23600000e+00  1.68749582e-04  1.23600000e+00  4.69286457e-04  1.23600000e+00  1.96550605e-03  1.23600000e+00  4.59658186e-03  1.23600000e+00  1.66553943e-02  1.23600000e+00  3.59036798e-02 
 1.24000000e+00  1.70628416e-04  1.24000000e+00  4.70122670e-04  1.24000000e+00  1.98389722e-03  1.24000000e+00  4.59895077e-03  1.24000000e+00  1.67989215e-02  1.24000000e+00  3.58605382e-02 
 1.24400000e+00  1.72510563e-04  1.24400000e+00  4.70943457e-04  1.24400000e+00  2.00229766e-03  1.24400000e+00  4.60122193e-03  1.24400000e+00  1.69422786e-02  1.24400000e+00  3.58186823e-02 
 1.24800000e+00  1.74395963e-04  1.24800000e+00  4.71749105e-04  1.24800000e+00  2.02070699e-03  1.24800000e+00  4.60339713e-03  1.24800000e+00  1.70854709e-02  1.24800000e+00  3.57780692e-02 
 1.25200000e+00  1.76284556e-04  1.25200000e+00  4.72539893e-04  1.25200000e+00  2.03912484e-03  1.25200000e+00  4.60547810e-03  1.25200000e+00  1.72285032e-02  1.25200000e+00  3.57386569e-02 
 1.25600000e+00  1.78176282e-04  1.25600000e+00  4.73316092e-04  1.25600000e+00  2.05755082e-03  1.25600000e+00  4.60746654e-03  1.25600000e+00  1.73713802e-02  1.25600000e+00  3.57004039e-02 
 1.26000000e+00  1.80071085e-04  1.26000000e+00  4.74077966e-04  1.26000000e+00  2.07598457e-03  1.26000000e+00  4.60936411e-03  1.26000000e+00  1.75141064e-02  1.26000000e+00  3.56632694e-02 
 1.26400000e+00  1.81968906e-04  1.26400000e+00  4.74825773e-04  1.26400000e+00  2.09442573e-03  1.26400000e+00  4.61117243e-03  1.26400000e+00  1.76566863e-02  1.26400000e+00  3.56272137e-02 
 1.26800000e+00  1.83869691e-04  1.26800000e+00  4.75559761e-04  1.26800000e+00  2.11287395e-03  1.26800000e+00  4.61289306e-03  1.26800000e+00  1.77991241e-02  1.26800000e+00  3.55921976e-02 
 1.27200000e+00  1.85773384e-04  1.27200000e+00  4.76280175e-04  1.27200000e+00  2.13132887e-03  1.27200000e+00  4.61452756e-03  1.27200000e+00  1.79414239e-02  1.27200000e+00  3.55581831e-02 
 1.27600000e+00  1.87679932e-04  1.27600000e+00  4.76987251e-04  1.27600000e+00  2.14979017e-03  1.27600000e+00  4.61607743e-03  1.27600000e+00  1.80835896e-02  1.27600000e+00  3.55251327e-02 
 1.28000000e+00  1.89589282e-04  1.28000000e+00  4.77681221e-04  1.28000000e+00  2.16825749e-03  1.28000000e+00  4.61754414e-03  1.28000000e+00  1.82256250e-02  1.28000000e+00  3.54930102e-02 
 1.28400000e+00  1.91501382e-04  1.28400000e+00  4.78362308e-04  1.28400000e+00  2.18673052e-03  1.28400000e+00  4.61892914e-03  1.28400000e+00  1.83675337e-02  1.28400000e+00  3.54617801e-02 
 1.28800000e+00  1.93416181e-04  1.28800000e+00  4.79030734e-04  1.28800000e+00  2.20520893e-03  1.28800000e+00  4.62023383e-03  1.28800000e+00  1.85093192e-02  1.28800000e+00  3.54314078e-02 
 1.29200000e+00  1.95333628e-04  1.29200000e+00  4.79686711e-04  1.29200000e+00  2.22369239e-03  1.29200000e+00  4.62145960e-03  1.29200000e+00  1.86509849e-02  1.29200000e+00  3.54018598e-02 
 1.29600000e+00  1.97253674e-04  1.29600000e+00  4.80330448e-04  1.29600000e+00  2.24218060e-03  1.29600000e+00  4.62260778e-03  1.29600000e+00  1.87925341e-02  1.29600000e+00  3.53731033e-02 
 1.30000000e+00  1.99176272e-04  1.30000000e+00  4.80962149e-04  1.30000000e+00  2.26067325e-03  1.30000000e+00  4.62367971e-03  1.30000000e+00  1.89339698e-02  1.30000000e+00  3.53451067e-02 
 1.30400000e+00  2.01101372e-04  1.30400000e+00  4.81582013e-04  1.30400000e+00  2.27917004e-03  1.30400000e+00  4.62467666e-03  1.30400000e+00  1.90752949e-02  1.30400000e+00  3.53178391e-02 
 1.30800000e+00  2.03028928e-04  1.30800000e+00  4.82190234e-04  1.30800000e+00  2.29767067e-03  1.30800000e+00  4.62559991e-03  1.30800000e+00  1.92165125e-02  1.30800000e+00  3.52912706e-02 
 1.31200000e+00  2.04958893e-04  1.31200000e+00  4.82787001e-04  1.31200000e+00  2.31617484e-03  1.31200000e+00  4.62645068e-03  1.31200000e+00  1.93576251e-02  1.31200000e+00  3.52653724e-02 
 1.31600000e+00  2.06891224e-04  1.31600000e+00  4.83372499e-04  1.31600000e+00  2.33468227e-03  1.31600000e+00  4.62723021e-03  1.31600000e+00  1.94986355e-02  1.31600000e+00  3.52401162e-02 
 1.32000000e+00  2.08825873e-04  1.32000000e+00  4.83946910e-04  1.32000000e+00  2.35319268e-03  1.32000000e+00  4.62793966e-03  1.32000000e+00  1.96395460e-02  1.32000000e+00  3.52154749e-02 
 1.32400000e+00  2.10762799e-04  1.32400000e+00  4.84510410e-04  1.32400000e+00  2.37170579e-03  1.32400000e+00  4.62858021e-03  1.32400000e+00  1.97803593e-02  1.32400000e+00  3.51914223e-02 
 1.32800000e+00  2.12701957e-04  1.32800000e+00  4.85063172e-04  1.32800000e+00  2.39022132e-03  1.32800000e+00  4.62915299e-03  1.32800000e+00  1.99210774e-02  1.32800000e+00  3.51679329e-02 
 1.33200000e+00  2.14643304e-04  1.33200000e+00  4.85605366e-04  1.33200000e+00  2.40873901e-03  1.33200000e+00  4.62965912e-03  1.33200000e+00  2.00617027e-02  1.33200000e+00  3.51449820e-02 
 1.33600000e+00  2.16586800e-04  1.33600000e+00  4.86137155e-04  1.33600000e+00  2.42725860e-03  1.33600000e+00  4.63009969e-03  1.33600000e+00  2.02022373e-02  1.33600000e+00  3.51225461e-02 
 1.34000000e+00  2.18532402e-04  1.34000000e+00  4.86658704e-04  1.34000000e+00  2.44577981e-03  1.34000000e+00  4.63047579e-03  1.34000000e+00  2.03426831e-02  1.34000000e+00  3.51006021e-02 
 1.34400000e+00  2.20480069e-04  1.34400000e+00  4.87170169e-04  1.34400000e+00  2.46430240e-03  1.34400000e+00  4.63078845e-03  1.34400000e+00  2.04830421e-02  1.34400000e+00  3.50791278e-02 
 1.34800000e+00  2.22429763e-04  1.34800000e+00  4.87671705e-04  1.34800000e+00  2.48282612e-03  1.34800000e+00  4.63103871e-03  1.34800000e+00  2.06233161e-02  1.34800000e+00  3.50581021e-02 
 1.35200000e+00  2.24381443e-04  1.35200000e+00  4.88163466e-04  1.35200000e+00  2.50135071e-03  1.35200000e+00  4.63122758e-03  1.35200000e+00  2.07635069e-02  1.35200000e+00  3.50375042e-02 
 1.35600000e+00  2.26335071e-04  1.35600000e+00  4.88645598e-04  1.35600000e+00  2.51987594e-03  1.35600000e+00  4.63135605e-03  1.35600000e+00  2.09036161e-02  1.35600000e+00  3.50173143e-02 
 1.36000000e+00  2.28290608e-04  1.36000000e+00  4.89118249e-04  1.36000000e+00  2.53840156e-03  1.36000000e+00  4.63142510e-03  1.36000000e+00  2.10436454e-02  1.36000000e+00  3.49975133e-02 
 1.36400000e+00  2.30248017e-04  1.36400000e+00  4.89581560e-04  1.36400000e+00  2.55692734e-03  1.36400000e+00  4.63143567e-03  1.36400000e+00  2.11835963e-02  1.36400000e+00  3.49780828e-02 
 1.36800000e+00  2.32207260e-04  1.36800000e+00  4.90035672e-04  1.36800000e+00  2.57545305e-03  1.36800000e+00  4.63138871e-03  1.36800000e+00  2.13234701e-02  1.36800000e+00  3.49590051e-02 
 1.37200000e+00  2.34168302e-04  1.37200000e+00  4.90480721e-04  1.37200000e+00  2.59397845e-03  1.37200000e+00  4.63128513e-03  1.37200000e+00  2.14632683e-02  1.37200000e+00  3.49402631e-02 
 1.37600000e+00  2.36131106e-04  1.37600000e+00  4.90916842e-04  1.37600000e+00  2.61250333e-03  1.37600000e+00  4.63112584e-03  1.37600000e+00  2.16029922e-02  1.37600000e+00  3.49218404e-02 
 1.38000000e+00  2.38095637e-04  1.38000000e+00  4.91344166e-04  1.38000000e+00  2.63102746e-03  1.38000000e+00  4.63091171e-03  1.38000000e+00  2.17426430e-02  1.38000000e+00  3.49037213e-02 
 1.38400000e+00  2.40061859e-04  1.38400000e+00  4.91762824e-04  1.38400000e+00  2.64955062e-03  1.38400000e+00  4.63064361e-03  1.38400000e+00  2.18822220e-02  1.38400000e+00  3.48858906e-02 
 1.38800000e+00  2.42029739e-04  1.38800000e+00  4.92172941e-04  1.38800000e+00  2.66807261e-03  1.38800000e+00  4.63032239e-03  1.38800000e+00  2.20217301e-02  1.38800000e+00  3.48683337e-02 
 1.39200000e+00  2.43999243e-04  1.39200000e+00  4.92574642e-04  1.39200000e+00  2.68659320e-03  1.39200000e+00  4.62994890e-03  1.39200000e+00  2.21611686e-02  1.39200000e+00  3.48510366e-02 
 1.39600000e+00  2.45970336e-04  1.39600000e+00  4.92968049e-04  1.39600000e+00  2.70511220e-03  1.39600000e+00  4.62952394e-03  1.39600000e+00  2.23005384e-02  1.39600000e+00  3.48339860e-02 
 1.40000000e+00  2.47942987e-04  1.40000000e+00  4.93353281e-04  1.40000000e+00  2.72362939e-03  1.40000000e+00  4.62904833e-03  1.40000000e+00  2.24398405e-02  1.40000000e+00  3.48171688e-02 
 1.40400000e+00  2.49917163e-04  1.40400000e+00  4.93730457e-04  1.40400000e+00  2.74214458e-03  1.40400000e+00  4.62852285e-03  1.40400000e+00  2.25790758e-02  1.40400000e+00  3.48005728e-02 
 1.40800000e+00  2.51892831e-04  1.40800000e+00  4.94099691e-04  1.40800000e+00  2.76065757e-03  1.40800000e+00  4.62794828e-03  1.40800000e+00  2.27182451e-02  1.40800000e+00  3.47841860e-02 
 1.41200000e+00  2.53869960e-04  1.41200000e+00  4.94461097e-04  1.41200000e+00  2.77916817e-03  1.41200000e+00  4.62732538e-03  1.41200000e+00  2.28573493e-02  1.41200000e+00  3.47679971e-02 
 1.41600000e+00  2.55848520e-04  1.41600000e+00  4.94814786e-04  1.41600000e+00  2.79767618e-03  1.41600000e+00  4.62665489e-03  1.41600000e+00  2.29963891e-02  1.41600000e+00  3.47519952e-02 
 1.42000000e+00  2.57828478e-04  1.42000000e+00  4.95160868e-04  1.42000000e+00  2.81618141e-03  1.42000000e+00  4.62593756e-03  1.42000000e+00  2.31353652e-02  1.42000000e+00  3.47361699e-02 
 1.42400000e+00  2.59809807e-04  1.42400000e+00  4.95499449e-04  1.42400000e+00  2.83468368e-03  1.42400000e+00  4.62517411e-03  1.42400000e+00  2.32742784e-02  1.42400000e+00  3.47205111e-02 
 1.42800000e+00  2.61792474e-04  1.42800000e+00  4.95830635e-04  1.42800000e+00  2.85318280e-03  1.42800000e+00  4.62436523e-03  1.42800000e+00  2.34131293e-02  1.42800000e+00  3.47050092e-02 
 1.43200000e+00  2.63776452e-04  1.43200000e+00  4.96154529e-04  1.43200000e+00  2.87167860e-03  1.43200000e+00  4.62351163e-03  1.43200000e+00  2.35519185e-02  1.43200000e+00  3.46896550e-02 
 1.43600000e+00  2.65761710e-04  1.43600000e+00  4.96471234e-04  1.43600000e+00  2.89017089e-03  1.43600000e+00  4.62261398e-03  1.43600000e+00  2.36906466e-02  1.43600000e+00  3.46744399e-02 
 1.44000000e+00  2.67748222e-04  1.44000000e+00  4.96780849e-04  1.44000000e+00  2.90865951e-03  1.44000000e+00  4.62167297e-03  1.44000000e+00  2.38293140e-02  1.44000000e+00  3.46593553e-02 
 1.44400000e+00  2.69735957e-04  1.44400000e+00  4.97083473e-04  1.44400000e+00  2.92714428e-03  1.44400000e+00  4.62068924e-03  1.44400000e+00  2.39679214e-02  1.44400000e+00  3.46443932e-02 
 1.44800000e+00  2.71724889e-04  1.44800000e+00  4.97379201e-04  1.44800000e+00  2.94562503e-03  1.44800000e+00  4.61966345e-03  1.44800000e+00  2.41064692e-02  1.44800000e+00  3.46295460e-02 
 1.45200000e+00  2.73714991e-04  1.45200000e+00  4.97668130e-04  1.45200000e+00  2.96410159e-03  1.45200000e+00  4.61859622e-03  1.45200000e+00  2.42449578e-02  1.45200000e+00  3.46148063e-02 
 1.45600000e+00  2.75706234e-04  1.45600000e+00  4.97950352e-04  1.45600000e+00  2.98257380e-03  1.45600000e+00  4.61748819e-03  1.45600000e+00  2.43833876e-02  1.45600000e+00  3.46001670e-02 
 1.46000000e+00  2.77698594e-04  1.46000000e+00  4.98225959e-04  1.46000000e+00  3.00104149e-03  1.46000000e+00  4.61633997e-03  1.46000000e+00  2.45217591e-02  1.46000000e+00  3.45856216e-02 
 1.46400000e+00  2.79692042e-04  1.46400000e+00  4.98495041e-04  1.46400000e+00  3.01950452e-03  1.46400000e+00  4.61515215e-03  1.46400000e+00  2.46600726e-02  1.46400000e+00  3.45711635e-02 
 1.46800000e+00  2.81686554e-04  1.46800000e+00  4.98757686e-04  1.46800000e+00  3.03796271e-03  1.46800000e+00  4.61392533e-03  1.46800000e+00  2.47983284e-02  1.46800000e+00  3.45567868e-02 
 1.47200000e+00  2.83682104e-04  1.47200000e+00  4.99013983e-04  1.47200000e+00  3.05641592e-03  1.47200000e+00  4.61266010e-03  1.47200000e+00  2.49365269e-02  1.47200000e+00  3.45424854e-02 
 1.47600000e+00  2.85678666e-04  1.47600000e+00  4.99264017e-04  1.47600000e+00  3.07486399e-03  1.47600000e+00  4.61135702e-03  1.47600000e+00  2.50746683e-02  1.47600000e+00  3.45282540e-02 
 1.48000000e+00  2.87676216e-04  1.48000000e+00  4.99507872e-04  1.48000000e+00  3.09330677e-03  1.48000000e+00  4.61001665e-03  1.48000000e+00  2.52127529e-02  1.48000000e+00  3.45140872e-02 
 1.48400000e+00  2.89674729e-04  1.48400000e+00  4.99745632e-04  1.48400000e+00  3.11174412e-03  1.48400000e+00  4.60863954e-03  1.48400000e+00  2.53507810e-02  1.48400000e+00  3.44999799e-02 
 1.48800000e+00  2.91674181e-04  1.48800000e+00  4.99977377e-04  1.48800000e+00  3.13017589e-03  1.48800000e+00  4.60722625e-03  1.48800000e+00  2.54887528e-02  1.48800000e+00  3.44859273e-02 
 1.49200000e+00  2.93674548e-04  1.49200000e+00  5.00203188e-04  1.49200000e+00  3.14860193e-03  1.49200000e+00  4.60577729e-03  1.49200000e+00  2.56266684e-02  1.49200000e+00  3.44719249e-02 
 1.49600000e+00  2.95675806e-04  1.49600000e+00  5.00423145e-04  1.49600000e+00  3.16702211e-03  1.49600000e+00  4.60429319e-03  1.49600000e+00  2.57645282e-02  1.49600000e+00  3.44579683e-02 
 1.50000000e+00  2.97677933e-04  1.50000000e+00  5.00637324e-04  1.50000000e+00  3.18543628e-03  1.50000000e+00  4.60277447e-03  1.50000000e+00  2.59023322e-02  1.50000000e+00  3.44440533e-02 
 1.50400000e+00  2.99680905e-04  1.50400000e+00  5.00845803e-04  1.50400000e+00  3.20384430e-03  1.50400000e+00  4.60122163e-03  1.50400000e+00  2.60400806e-02  1.50400000e+00  3.44301759e-02 
 1.50800000e+00  3.01684699e-04  1.50800000e+00  5.01048656e-04  1.50800000e+00  3.22224605e-03  1.50800000e+00  4.59963517e-03  1.50800000e+00  2.61777736e-02  1.50800000e+00  3.44163325e-02 
 1.51200000e+00  3.03689294e-04  1.51200000e+00  5.01245958e-04  1.51200000e+00  3.24064139e-03  1.51200000e+00  4.59801557e-03  1.51200000e+00  2.63154112e-02  1.51200000e+00  3.44025194e-02 
 1.51600000e+00  3.05694667e-04  1.51600000e+00  5.01437781e-04  1.51600000e+00  3.25903018e-03  1.51600000e+00  4.59636331e-03  1.51600000e+00  2.64529937e-02  1.51600000e+00  3.43887333e-02 
 1.52000000e+00  3.07700796e-04  1.52000000e+00  5.01624198e-04  1.52000000e+00  3.27741229e-03  1.52000000e+00  4.59467887e-03  1.52000000e+00  2.65905211e-02  1.52000000e+00  3.43749709e-02 
 1.52400000e+00  3.09707661e-04  1.52400000e+00  5.01805278e-04  1.52400000e+00  3.29578761e-03  1.52400000e+00  4.59296271e-03  1.52400000e+00  2.67279935e-02  1.52400000e+00  3.43612292e-02 
 1.52800000e+00  3.11715239e-04  1.52800000e+00  5.01981091e-04  1.52800000e+00  3.31415599e-03  1.52800000e+00  4.59121529e-03  1.52800000e+00  2.68654109e-02  1.52800000e+00  3.43475053e-02 
 1.53200000e+00  3.13723509e-04  1.53200000e+00  5.02151706e-04  1.53200000e+00  3.33251733e-03  1.53200000e+00  4.58943704e-03  1.53200000e+00  2.70027735e-02  1.53200000e+00  3.43337963e-02 
 1.53600000e+00  3.15732452e-04  1.53600000e+00  5.02317190e-04  1.53600000e+00  3.35087149e-03  1.53600000e+00  4.58762841e-03  1.53600000e+00  2.71400813e-02  1.53600000e+00  3.43200998e-02 
 1.54000000e+00  3.17742047e-04  1.54000000e+00  5.02477609e-04  1.54000000e+00  3.36921836e-03  1.54000000e+00  4.58578984e-03  1.54000000e+00  2.72773343e-02  1.54000000e+00  3.43064133e-02 
 1.54400000e+00  3.19752273e-04  1.54400000e+00  5.02633029e-04  1.54400000e+00  3.38755781e-03  1.54400000e+00  4.58392174e-03  1.54400000e+00  2.74145326e-02  1.54400000e+00  3.42927343e-02 
 1.54800000e+00  3.21763111e-04  1.54800000e+00  5.02783512e-04  1.54800000e+00  3.40588973e-03  1.54800000e+00  4.58202454e-03  1.54800000e+00  2.75516762e-02  1.54800000e+00  3.42790607e-02 
 1.55200000e+00  3.23774541e-04  1.55200000e+00  5.02929124e-04  1.55200000e+00  3.42421401e-03  1.55200000e+00  4.58009864e-03  1.55200000e+00  2.76887651e-02  1.55200000e+00  3.42653904e-02 
 1.55600000e+00  3.25786544e-04  1.55600000e+00  5.03069925e-04  1.55600000e+00  3.44253052e-03  1.55600000e+00  4.57814445e-03  1.55600000e+00  2.78257993e-02  1.55600000e+00  3.42517215e-02 
 1.56000000e+00  3.27799101e-04  1.56000000e+00  5.03205978e-04  1.56000000e+00  3.46083916e-03  1.56000000e+00  4.57616237e-03  1.56000000e+00  2.79627789e-02  1.56000000e+00  3.42380520e-02 
 1.56400000e+00  3.29812192e-04  1.56400000e+00  5.03337342e-04  1.56400000e+00  3.47913982e-03  1.56400000e+00  4.57415278e-03  1.56400000e+00  2.80997037e-02  1.56400000e+00  3.42243802e-02 
 1.56800000e+00  3.31825799e-04  1.56800000e+00  5.03464077e-04  1.56800000e+00  3.49743238e-03  1.56800000e+00  4.57211607e-03  1.56800000e+00  2.82365739e-02  1.56800000e+00  3.42107044e-02 
 1.57200000e+00  3.33839904e-04  1.57200000e+00  5.03586241e-04  1.57200000e+00  3.51571675e-03  1.57200000e+00  4.57005261e-03  1.57200000e+00  2.83733894e-02  1.57200000e+00  3.41970232e-02 
 1.57600000e+00  3.35854489e-04  1.57600000e+00  5.03703892e-04  1.57600000e+00  3.53399280e-03  1.57600000e+00  4.56796278e-03  1.57600000e+00  2.85101501e-02  1.57600000e+00  3.41833349e-02 
 1.58000000e+00  3.37869536e-04  1.58000000e+00  5.03817086e-04  1.58000000e+00  3.55226045e-03  1.58000000e+00  4.56584694e-03  1.58000000e+00  2.86468561e-02  1.58000000e+00  3.41696382e-02 
 1.58400000e+00  3.39885026e-04  1.58400000e+00  5.03925880e-04  1.58400000e+00  3.57051958e-03  1.58400000e+00  4.56370545e-03  1.58400000e+00  2.87835072e-02  1.58400000e+00  3.41559318e-02 
 1.58800000e+00  3.41900943e-04  1.58800000e+00  5.04030329e-04  1.58800000e+00  3.58877009e-03  1.58800000e+00  4.56153865e-03  1.58800000e+00  2.89201035e-02  1.58800000e+00  3.41422146e-02 
 1.59200000e+00  3.43917269e-04  1.59200000e+00  5.04130485e-04  1.59200000e+00  3.60701189e-03  1.59200000e+00  4.55934691e-03  1.59200000e+00  2.90566449e-02  1.59200000e+00  3.41284852e-02 
 1.59600000e+00  3.45933987e-04  1.59600000e+00  5.04226404e-04  1.59600000e+00  3.62524487e-03  1.59600000e+00  4.55713054e-03  1.59600000e+00  2.91931314e-02  1.59600000e+00  3.41147428e-02 
 1.60000000e+00  3.47951080e-04  1.60000000e+00  5.04318136e-04  1.60000000e+00  3.64346893e-03  1.60000000e+00  4.55488990e-03  1.60000000e+00  2.93295629e-02  1.60000000e+00  3.41009862e-02 
 1.60400000e+00  3.49968532e-04  1.60400000e+00  5.04405735e-04  1.60400000e+00  3.66168399e-03  1.60400000e+00  4.55262531e-03  1.60400000e+00  2.94659393e-02  1.60400000e+00  3.40872146e-02 
 1.60800000e+00  3.51986326e-04  1.60800000e+00  5.04489251e-04  1.60800000e+00  3.67988994e-03  1.60800000e+00  4.55033709e-03  1.60800000e+00  2.96022606e-02  1.60800000e+00  3.40734270e-02 
 1.61200000e+00  3.54004446e-04  1.61200000e+00  5.04568733e-04  1.61200000e+00  3.69808668e-03  1.61200000e+00  4.54802556e-03  1.61200000e+00  2.97385267e-02  1.61200000e+00  3.40596227e-02 
 1.61600000e+00  3.56022876e-04  1.61600000e+00  5.04644232e-04  1.61600000e+00  3.71627414e-03  1.61600000e+00  4.54569104e-03  1.61600000e+00  2.98747376e-02  1.61600000e+00  3.40458008e-02 
 1.62000000e+00  3.58041599e-04  1.62000000e+00  5.04715797e-04  1.62000000e+00  3.73445221e-03  1.62000000e+00  4.54333383e-03  1.62000000e+00  3.00108931e-02  1.62000000e+00  3.40319607e-02 
 1.62400000e+00  3.60060602e-04  1.62400000e+00  5.04783474e-04  1.62400000e+00  3.75262081e-03  1.62400000e+00  4.54095423e-03  1.62400000e+00  3.01469933e-02  1.62400000e+00  3.40181018e-02 
 1.62800000e+00  3.62079867e-04  1.62800000e+00  5.04847311e-04  1.62800000e+00  3.77077985e-03  1.62800000e+00  4.53855254e-03  1.62800000e+00  3.02830379e-02  1.62800000e+00  3.40042234e-02 
 1.63200000e+00  3.64099380e-04  1.63200000e+00  5.04907355e-04  1.63200000e+00  3.78892923e-03  1.63200000e+00  4.53612905e-03  1.63200000e+00  3.04190270e-02  1.63200000e+00  3.39903250e-02 
 1.63600000e+00  3.66119126e-04  1.63600000e+00  5.04963652e-04  1.63600000e+00  3.80706888e-03  1.63600000e+00  4.53368406e-03  1.63600000e+00  3.05549605e-02  1.63600000e+00  3.39764060e-02 
 1.64000000e+00  3.68139090e-04  1.64000000e+00  5.05016246e-04  1.64000000e+00  3.82519870e-03  1.64000000e+00  4.53121784e-03  1.64000000e+00  3.06908383e-02  1.64000000e+00  3.39624660e-02 
 1.64400000e+00  3.70159256e-04  1.64400000e+00  5.05065182e-04  1.64400000e+00  3.84331862e-03  1.64400000e+00  4.52873068e-03  1.64400000e+00  3.08266603e-02  1.64400000e+00  3.39485046e-02 
 1.64800000e+00  3.72179611e-04  1.64800000e+00  5.05110504e-04  1.64800000e+00  3.86142855e-03  1.64800000e+00  4.52622283e-03  1.64800000e+00  3.09624263e-02  1.64800000e+00  3.39345214e-02 
 1.65200000e+00  3.74200140e-04  1.65200000e+00  5.05152255e-04  1.65200000e+00  3.87952840e-03  1.65200000e+00  4.52369459e-03  1.65200000e+00  3.10981364e-02  1.65200000e+00  3.39205160e-02 
 1.65600000e+00  3.76220829e-04  1.65600000e+00  5.05190477e-04  1.65600000e+00  3.89761811e-03  1.65600000e+00  4.52114620e-03  1.65600000e+00  3.12337905e-02  1.65600000e+00  3.39064881e-02 
 1.66000000e+00  3.78241664e-04  1.66000000e+00  5.05225213e-04  1.66000000e+00  3.91569757e-03  1.66000000e+00  4.51857793e-03  1.66000000e+00  3.13693883e-02  1.66000000e+00  3.38924374e-02 
 1.66400000e+00  3.80262631e-04  1.66400000e+00  5.05256503e-04  1.66400000e+00  3.93376673e-03  1.66400000e+00  4.51599004e-03  1.66400000e+00  3.15049300e-02  1.66400000e+00  3.38783637e-02 
 1.66800000e+00  3.82283716e-04  1.66800000e+00  5.05284388e-04  1.66800000e+00  3.95182549e-03  1.66800000e+00  4.51338277e-03  1.66800000e+00  3.16404152e-02  1.66800000e+00  3.38642667e-02 
 1.67200000e+00  3.84304906e-04  1.67200000e+00  5.05308908e-04  1.67200000e+00  3.96987379e-03  1.67200000e+00  4.51075638e-03  1.67200000e+00  3.17758441e-02  1.67200000e+00  3.38501463e-02 
 1.67600000e+00  3.86326187e-04  1.67600000e+00  5.05330102e-04  1.67600000e+00  3.98791155e-03  1.67600000e+00  4.50811111e-03  1.67600000e+00  3.19112164e-02  1.67600000e+00  3.38360022e-02 
 1.68000000e+00  3.88347547e-04  1.68000000e+00  5.05348011e-04  1.68000000e+00  4.00593868e-03  1.68000000e+00  4.50544719e-03  1.68000000e+00  3.20465321e-02  1.68000000e+00  3.38218344e-02 
 1.68400000e+00  3.90368971e-04  1.68400000e+00  5.05362670e-04  1.68400000e+00  4.02395512e-03  1.68400000e+00  4.50276487e-03  1.68400000e+00  3.21817911e-02  1.68400000e+00  3.38076426e-02 
 1.68800000e+00  3.92390448e-04  1.68800000e+00  5.05374119e-04  1.68800000e+00  4.04196080e-03  1.68800000e+00  4.50006437e-03  1.68800000e+00  3.23169932e-02  1.68800000e+00  3.37934268e-02 
 1.69200000e+00  3.94411964e-04  1.69200000e+00  5.05382395e-04  1.69200000e+00  4.05995564e-03  1.69200000e+00  4.49734592e-03  1.69200000e+00  3.24521385e-02  1.69200000e+00  3.37791870e-02 
 1.69600000e+00  3.96433507e-04  1.69600000e+00  5.05387533e-04  1.69600000e+00  4.07793957e-03  1.69600000e+00  4.49460975e-03  1.69600000e+00  3.25872267e-02  1.69600000e+00  3.37649230e-02 
 1.70000000e+00  3.98455065e-04  1.70000000e+00  5.05389571e-04  1.70000000e+00  4.09591252e-03  1.70000000e+00  4.49185608e-03  1.70000000e+00  3.27222579e-02  1.70000000e+00  3.37506348e-02 
 1.70400000e+00  4.00476624e-04  1.70400000e+00  5.05388543e-04  1.70400000e+00  4.11387442e-03  1.70400000e+00  4.48908511e-03  1.70400000e+00  3.28572318e-02  1.70400000e+00  3.37363224e-02 
 1.70800000e+00  4.02498173e-04  1.70800000e+00  5.05384485e-04  1.70800000e+00  4.13182520e-03  1.70800000e+00  4.48629708e-03  1.70800000e+00  3.29921485e-02  1.70800000e+00  3.37219857e-02 
 1.71200000e+00  4.04519700e-04  1.71200000e+00  5.05377431e-04  1.71200000e+00  4.14976479e-03  1.71200000e+00  4.48349218e-03  1.71200000e+00  3.31270077e-02  1.71200000e+00  3.37076249e-02 
 1.71600000e+00  4.06541192e-04  1.71600000e+00  5.05367415e-04  1.71600000e+00  4.16769313e-03  1.71600000e+00  4.48067063e-03  1.71600000e+00  3.32618095e-02  1.71600000e+00  3.36932398e-02 
 1.72000000e+00  4.08562639e-04  1.72000000e+00  5.05354470e-04  1.72000000e+00  4.18561016e-03  1.72000000e+00  4.47783262e-03  1.72000000e+00  3.33965536e-02  1.72000000e+00  3.36788306e-02 
 1.72400000e+00  4.10584028e-04  1.72400000e+00  5.05338630e-04  1.72400000e+00  4.20351579e-03  1.72400000e+00  4.47497835e-03  1.72400000e+00  3.35312401e-02  1.72400000e+00  3.36643973e-02 
 1.72800000e+00  4.12605348e-04  1.72800000e+00  5.05319928e-04  1.72800000e+00  4.22140998e-03  1.72800000e+00  4.47210803e-03  1.72800000e+00  3.36658688e-02  1.72800000e+00  3.36499399e-02 
 1.73200000e+00  4.14626587e-04  1.73200000e+00  5.05298394e-04  1.73200000e+00  4.23929266e-03  1.73200000e+00  4.46922185e-03  1.73200000e+00  3.38004396e-02  1.73200000e+00  3.36354586e-02 
 1.73600000e+00  4.16647735e-04  1.73600000e+00  5.05274061e-04  1.73600000e+00  4.25716376e-03  1.73600000e+00  4.46631998e-03  1.73600000e+00  3.39349525e-02  1.73600000e+00  3.36209534e-02 
 1.74000000e+00  4.18668780e-04  1.74000000e+00  5.05246960e-04  1.74000000e+00  4.27502322e-03  1.74000000e+00  4.46340263e-03  1.74000000e+00  3.40694073e-02  1.74000000e+00  3.36064244e-02 
 1.74400000e+00  4.20689711e-04  1.74400000e+00  5.05217122e-04  1.74400000e+00  4.29287098e-03  1.74400000e+00  4.46046998e-03  1.74400000e+00  3.42038039e-02  1.74400000e+00  3.35918717e-02 
 1.74800000e+00  4.22710517e-04  1.74800000e+00  5.05184576e-04  1.74800000e+00  4.31070698e-03  1.74800000e+00  4.45752220e-03  1.74800000e+00  3.43381422e-02  1.74800000e+00  3.35772954e-02 
 1.75200000e+00  4.24731187e-04  1.75200000e+00  5.05149353e-04  1.75200000e+00  4.32853116e-03  1.75200000e+00  4.45455947e-03  1.75200000e+00  3.44724222e-02  1.75200000e+00  3.35626957e-02 
 1.75600000e+00  4.26751712e-04  1.75600000e+00  5.05111481e-04  1.75600000e+00  4.34634345e-03  1.75600000e+00  4.45158198e-03  1.75600000e+00  3.46066438e-02  1.75600000e+00  3.35480726e-02 
 1.76000000e+00  4.28772079e-04  1.76000000e+00  5.05070990e-04  1.76000000e+00  4.36414381e-03  1.76000000e+00  4.44858989e-03  1.76000000e+00  3.47408068e-02  1.76000000e+00  3.35334264e-02 
 1.76400000e+00  4.30792280e-04  1.76400000e+00  5.05027908e-04  1.76400000e+00  4.38193217e-03  1.76400000e+00  4.44558337e-03  1.76400000e+00  3.48749112e-02  1.76400000e+00  3.35187571e-02 
 1.76800000e+00  4.32812303e-04  1.76800000e+00  5.04982264e-04  1.76800000e+00  4.39970848e-03  1.76800000e+00  4.44256258e-03  1.76800000e+00  3.50089569e-02  1.76800000e+00  3.35040648e-02 
 1.77200000e+00  4.34832138e-04  1.77200000e+00  5.04934084e-04  1.77200000e+00  4.41747267e-03  1.77200000e+00  4.43952770e-03  1.77200000e+00  3.51429437e-02  1.77200000e+00  3.34893499e-02 
 1.77600000e+00  4.36851775e-04  1.77600000e+00  5.04883397e-04  1.77600000e+00  4.43522470e-03  1.77600000e+00  4.43647888e-03  1.77600000e+00  3.52768717e-02  1.77600000e+00  3.34746123e-02 
 1.78000000e+00  4.38871205e-04  1.78000000e+00  5.04830229e-04  1.78000000e+00  4.45296451e-03  1.78000000e+00  4.43341628e-03  1.78000000e+00  3.54107406e-02  1.78000000e+00  3.34598523e-02 
 1.78400000e+00  4.40890417e-04  1.78400000e+00  5.04774606e-04  1.78400000e+00  4.47069203e-03  1.78400000e+00  4.43034006e-03  1.78400000e+00  3.55445505e-02  1.78400000e+00  3.34450700e-02 
 1.78800000e+00  4.42909402e-04  1.78800000e+00  5.04716555e-04  1.78800000e+00  4.48840723e-03  1.78800000e+00  4.42725037e-03  1.78800000e+00  3.56783012e-02  1.78800000e+00  3.34302657e-02 
 1.79200000e+00  4.44928150e-04  1.79200000e+00  5.04656101e-04  1.79200000e+00  4.50611003e-03  1.79200000e+00  4.42414736e-03  1.79200000e+00  3.58119926e-02  1.79200000e+00  3.34154394e-02 
 1.79600000e+00  4.46946651e-04  1.79600000e+00  5.04593270e-04  1.79600000e+00  4.52380040e-03  1.79600000e+00  4.42103118e-03  1.79600000e+00  3.59456247e-02  1.79600000e+00  3.34005914e-02 
 1.80000000e+00  4.48964896e-04  1.80000000e+00  5.04529257e-04  1.80000000e+00  4.54147828e-03  1.80000000e+00  4.41790846e-03  1.80000000e+00  3.60791973e-02  1.80000000e+00  3.33857325e-02 
