 0.00000000e+00  2.74523444e-13  0.00000000e+00  8.02437441e-12  0.00000000e+00  3.52939231e-13  0.00000000e+00  7.20566525e-01  0.00000000e+00  3.54106273e-15 
 2.00000000e-02  4.92569691e-13  2.00000000e-02  1.43976688e-11  2.00000000e-02  6.26295102e-13  2.00000000e-02  7.20566525e-01  2.00000000e-02  3.50854891e-15 
 4.00000000e-02  8.83793983e-13  4.00000000e-02  2.58324705e-11  4.00000000e-02  1.11121725e-12  4.00000000e-02  7.20566525e-01  4.00000000e-02  3.47803658e-15 
 6.00000000e-02  1.58572515e-12  6.00000000e-02  4.63479025e-11  6.00000000e-02  1.97131894e-12  6.00000000e-02  7.20566525e-01  6.00000000e-02  3.44964440e-15 
 8.00000000e-02  2.84509111e-12  8.00000000e-02  8.31536681e-11  8.00000000e-02  3.49662652e-12  8.00000000e-02  7.20566525e-01  8.00000000e-02  3.42353374e-15 
 1.00000000e-01  5.10449728e-12  1.00000000e-01  1.49181732e-10  1.00000000e-01  6.20114246e-12  1.00000000e-01  7.20566525e-01  1.00000000e-01  3.39991564e-15 
 1.20000000e-01  9.15787030e-12  1.20000000e-01  2.67625229e-10  1.20000000e-01  1.09955994e-11  1.20000000e-01  7.20566525e-01  1.20000000e-01  3.37905885e-15 
 1.40000000e-01  1.64291691e-11  1.40000000e-01  4.80073754e-10  1.40000000e-01  1.94932428e-11  1.40000000e-01  7.20566525e-01  1.40000000e-01  3.36129877e-15 
 1.60000000e-01  2.94719898e-11  1.60000000e-01  8.61089132e-10  1.60000000e-01  3.45508463e-11  1.60000000e-01  7.20566525e-01  1.60000000e-01  3.34704756e-15 
 1.80000000e-01  5.28648374e-11  1.80000000e-01  1.54430736e-09  1.80000000e-01  6.12254115e-11  1.80000000e-01  7.20566525e-01  1.80000000e-01  3.33680525e-15 
 2.00000000e-01  9.48146966e-11  2.00000000e-01  2.76914998e-09  2.00000000e-01  1.08464844e-10  2.00000000e-01  7.20566525e-01  2.00000000e-01  3.33117163e-15 
 2.20000000e-01  1.70027562e-10  2.20000000e-01  4.96434236e-09  2.20000000e-01  1.92093274e-10  2.20000000e-01  7.20566525e-01  2.20000000e-01  3.33085854e-15 
 2.40000000e-01  3.04842817e-10  2.40000000e-01  8.89706195e-09  2.40000000e-01  3.40076997e-10  2.40000000e-01  7.20566525e-01  2.40000000e-01  3.33670153e-15 
 2.60000000e-01  5.46407018e-10  2.60000000e-01  1.59388597e-08  2.60000000e-01  6.01801118e-10  2.60000000e-01  7.20566525e-01  2.60000000e-01  3.34966963e-15 
 2.80000000e-01  9.79041509e-10  2.80000000e-01  2.85387568e-08  2.80000000e-01  1.06438403e-09  2.80000000e-01  7.20566525e-01  2.80000000e-01  3.37087085e-15 
 3.00000000e-01  1.75338910e-09  3.00000000e-01  5.10624878e-08  3.00000000e-01  1.88130641e-09  3.00000000e-01  7.20566525e-01  3.00000000e-01  3.40155022e-15 
 3.20000000e-01  3.13818396e-09  3.20000000e-01  9.12754930e-08  3.20000000e-01  3.32250718e-09  3.20000000e-01  7.20566525e-01  3.20000000e-01  3.44307645e-15 
 3.40000000e-01  5.61188934e-09  3.40000000e-01  1.62949837e-07  3.40000000e-01  5.86171726e-09  3.40000000e-01  7.20566525e-01  3.40000000e-01  3.49691232e-15 
 3.60000000e-01  1.00241630e-08  3.60000000e-01  2.90414940e-07  3.60000000e-01  1.03279685e-08  3.60000000e-01  7.20566525e-01  3.60000000e-01  3.56456402e-15 
 3.80000000e-01  1.78786215e-08  3.80000000e-01  5.16427313e-07  3.80000000e-01  1.81667494e-08  3.80000000e-01  7.20566525e-01  3.80000000e-01  3.64750559e-15 
 4.00000000e-01  3.18239989e-08  4.00000000e-01  9.15609431e-07  4.00000000e-01  3.18863491e-08  4.00000000e-01  7.20566525e-01  4.00000000e-01  3.74707703e-15 
 4.20000000e-01  5.64980535e-08  4.20000000e-01  1.61701255e-06  4.20000000e-01  5.58121811e-08  4.20000000e-01  7.20566525e-01  4.20000000e-01  3.86435885e-15 
 4.40000000e-01  9.99567357e-08  4.40000000e-01  2.84113972e-06  4.40000000e-01  9.73427015e-08  4.40000000e-01  7.20566525e-01  4.40000000e-01  4.00003163e-15 
 4.60000000e-01  1.76048480e-07  4.60000000e-01  4.95883775e-06  4.60000000e-01  1.68999284e-07  4.60000000e-01  7.20566525e-01  4.60000000e-01  4.15423520e-15 
 4.80000000e-01  3.08259664e-07  4.80000000e-01  8.58108048e-06  4.80000000e-01  2.91683944e-07  4.80000000e-01  7.20566525e-01  4.80000000e-01  4.32644761e-15 
 5.00000000e-01  5.35737258e-07  5.00000000e-01  1.46880200e-05  5.00000000e-01  4.99673183e-07  5.00000000e-01  7.20566525e-01  5.00000000e-01  4.51540623e-15 
 5.20000000e-01  9.22313453e-07  5.20000000e-01  2.47995482e-05  5.20000000e-01  8.47902882e-07  5.20000000e-01  7.20566525e-01  5.20000000e-01  4.71909110e-15 
 5.40000000e-01  1.56926386e-06  5.40000000e-01  4.11739157e-05  5.40000000e-01  1.42187562e-06  5.40000000e-01  7.20566525e-01  5.40000000e-01  4.93478286e-15 
 5.60000000e-01  2.63200742e-06  5.60000000e-01  6.69937530e-05  5.60000000e-01  2.34979505e-06  5.60000000e-01  7.20566525e-01  5.60000000e-01  5.15919582e-15 
 5.80000000e-01  4.33981450e-06  5.80000000e-01  1.06466265e-04  5.80000000e-01  3.81503849e-06  5.80000000e-01  7.20566525e-01  5.80000000e-01  5.38867301e-15 
 6.00000000e-01  7.01589094e-06  6.00000000e-01  1.64745395e-04  6.00000000e-01  6.06480761e-06  6.00000000e-01  7.20566525e-01  6.00000000e-01  5.61941870e-15 
 6.20000000e-01  1.10934734e-05  6.20000000e-01  2.47602643e-04  6.20000000e-01  9.40844055e-06  6.20000000e-01  7.20566525e-01  6.20000000e-01  5.84773751e-15 
 6.40000000e-01  1.71226565e-05  6.40000000e-01  3.60833270e-04  6.40000000e-01  1.41981467e-05  6.40000000e-01  7.20566525e-01  6.40000000e-01  6.07024936e-15 
 6.60000000e-01  2.57630812e-05  6.60000000e-01  5.09447920e-04  6.60000000e-01  2.07880569e-05  6.60000000e-01  7.20566525e-01  6.60000000e-01  6.28405658e-15 
 6.80000000e-01  3.77589218e-05  6.80000000e-01  6.96723217e-04  6.80000000e-01  2.94753428e-05  6.80000000e-01  7.20566525e-01  6.80000000e-01  6.48684973e-15 
 7.00000000e-01  5.38941576e-05  7.00000000e-01  9.23198410e-04  7.00000000e-01  4.04371852e-05  7.00000000e-01  7.20566525e-01  7.00000000e-01  6.67694991e-15 
 7.20000000e-01  7.49286188e-05  7.20000000e-01  1.18580050e-03  7.20000000e-01  5.36837772e-05  7.20000000e-01  7.20566525e-01  7.20000000e-01  6.85329511e-15 
 7.40000000e-01  1.01520642e-04  7.40000000e-01  1.47745055e-03  7.40000000e-01  6.90450030e-05  7.40000000e-01  7.20566525e-01  7.40000000e-01  7.01538377e-15 
 7.60000000e-01  1.34150088e-04  7.60000000e-01  1.78754672e-03  7.60000000e-01  8.61966346e-05  7.60000000e-01  7.20566525e-01  7.60000000e-01  7.16319112e-15 
 7.80000000e-01  1.73061127e-04  7.80000000e-01  2.10343668e-03  7.80000000e-01  1.04716747e-04  7.80000000e-01  7.20566525e-01  7.80000000e-01  7.29707294e-15 
 8.00000000e-01  2.18241545e-04  8.00000000e-01  2.41249459e-03  8.00000000e-01  1.24152987e-04  8.00000000e-01  7.20566525e-01  8.00000000e-01  7.41766865e-15 
 8.20000000e-01  2.69443721e-04  8.20000000e-01  2.70408549e-03  8.20000000e-01  1.44081150e-04  8.20000000e-01  7.20566525e-01  8.20000000e-01  7.52581187e-15 
 8.40000000e-01  3.26238289e-04  8.40000000e-01  2.97079498e-03  8.40000000e-01  1.64143400e-04  8.40000000e-01  7.20566525e-01  8.40000000e-01  7.62245364e-15 
 8.60000000e-01  3.88082889e-04  8.60000000e-01  3.20871236e-03  8.60000000e-01  1.84064365e-04  8.60000000e-01  7.20566525e-01  8.60000000e-01  7.70859995e-15 
 8.80000000e-01  4.54388498e-04  8.80000000e-01  3.41695980e-03  8.80000000e-01  2.03650083e-04  8.80000000e-01  7.20566525e-01  8.80000000e-01  7.78526377e-15 
 9.00000000e-01  5.24571903e-04  9.00000000e-01  3.59684300e-03  9.00000000e-01  2.22776972e-04  9.00000000e-01  7.20566525e-01  9.00000000e-01  7.85343024e-15 
 9.20000000e-01  5.98090337e-04  9.20000000e-01  3.75096195e-03  9.20000000e-01  2.41376977e-04  9.20000000e-01  7.20566525e-01  9.20000000e-01  7.91403303e-15 
 9.40000000e-01  6.74459712e-04  9.40000000e-01  3.88248175e-03  9.40000000e-01  2.59422870e-04  9.40000000e-01  7.20566525e-01  9.40000000e-01  7.96793966e-15 
 9.60000000e-01  7.53260515e-04  9.60000000e-01  3.99462930e-03  9.60000000e-01  2.76915649e-04  9.60000000e-01  7.20566525e-01  9.60000000e-01  8.01594386e-15 
 9.80000000e-01  8.34135781e-04  9.80000000e-01  4.09039854e-03  9.80000000e-01  2.93874650e-04  9.80000000e-01  7.20566525e-01  9.80000000e-01  8.05876297e-15 
 1.00000000e+00  9.16784843e-04  1.00000000e+00  4.17241196e-03  1.00000000e+00  3.10330234e-04  1.00000000e+00  7.20566525e-01  1.00000000e+00  8.09703899e-15 
 1.02000000e+00  1.00095540e-03  1.02000000e+00  4.24288379e-03  1.02000000e+00  3.26318628e-04  1.02000000e+00  7.20566525e-01  1.02000000e+00  8.13134196e-15 
 1.04000000e+00  1.08643550e-03  1.04000000e+00  4.30364044e-03  1.04000000e+00  3.41878434e-04  1.04000000e+00  7.20566525e-01  1.04000000e+00  8.16217486e-15 
 1.06000000e+00  1.17304622e-03  1.06000000e+00  4.35616787e-03  1.06000000e+00  3.57048351e-04  1.06000000e+00  7.20566525e-01  1.06000000e+00  8.18997924e-15 
 1.08000000e+00  1.26063542e-03  1.08000000e+00  4.40166733e-03  1.08000000e+00  3.71865783e-04  1.08000000e+00  7.20566525e-01  1.08000000e+00  8.21514118e-15 
 1.10000000e+00  1.34907257e-03  1.10000000e+00  4.44110918e-03  1.10000000e+00  3.86366032e-04  1.10000000e+00  7.20566525e-01  1.10000000e+00  8.23799720e-15 
 1.12000000e+00  1.43824468e-03  1.12000000e+00  4.47528023e-03  1.12000000e+00  4.00581898e-04  1.12000000e+00  7.20566525e-01  1.12000000e+00  8.25883992e-15 
 1.14000000e+00  1.52805295e-03  1.14000000e+00  4.50482320e-03  1.14000000e+00  4.14543545e-04  1.14000000e+00  7.20566525e-01  1.14000000e+00  8.27792331e-15 
 1.16000000e+00  1.61841030e-03  1.16000000e+00  4.53026824e-03  1.16000000e+00  4.28278523e-04  1.16000000e+00  7.20566525e-01  1.16000000e+00  8.29546755e-15 
 1.18000000e+00  1.70923933e-03  1.18000000e+00  4.55205765e-03  1.18000000e+00  4.41811893e-04  1.18000000e+00  7.20566525e-01  1.18000000e+00  8.31166341e-15 
 1.20000000e+00  1.80047074e-03  1.20000000e+00  4.57056495e-03  1.20000000e+00  4.55166408e-04  1.20000000e+00  7.20566525e-01  1.20000000e+00  8.32667608e-15 
 1.22000000e+00  1.89204218e-03  1.22000000e+00  4.58610942e-03  1.22000000e+00  4.68362714e-04  1.22000000e+00  7.20566525e-01  1.22000000e+00  8.34064866e-15 
 1.24000000e+00  1.98389721e-03  1.24000000e+00  4.59896706e-03  1.24000000e+00  4.81419556e-04  1.24000000e+00  7.20566525e-01  1.24000000e+00  8.35370517e-15 
 1.26000000e+00  2.07598456e-03  1.26000000e+00  4.60937900e-03  1.26000000e+00  4.94353986e-04  1.26000000e+00  7.20566525e-01  1.26000000e+00  8.36595320e-15 
 1.28000000e+00  2.16825749e-03  1.28000000e+00  4.61755777e-03  1.28000000e+00  5.07181553e-04  1.28000000e+00  7.20566525e-01  1.28000000e+00  8.37748619e-15 
 1.30000000e+00  2.26067325e-03  1.30000000e+00  4.62369221e-03  1.30000000e+00  5.19916478e-04  1.30000000e+00  7.20566525e-01  1.30000000e+00  8.38838542e-15 
 1.32000000e+00  2.35319268e-03  1.32000000e+00  4.62795115e-03  1.32000000e+00  5.32571816e-04  1.32000000e+00  7.20566525e-01  1.32000000e+00  8.39872176e-15 
 1.34000000e+00  2.44577981e-03  1.34000000e+00  4.63048636e-03  1.34000000e+00  5.45159599e-04  1.34000000e+00  7.20566525e-01  1.34000000e+00  8.40855714e-15 
 1.36000000e+00  2.53840156e-03  1.36000000e+00  4.63143485e-03  1.36000000e+00  5.57690962e-04  1.36000000e+00  7.20566525e-01  1.36000000e+00  8.41794584e-15 
 1.38000000e+00  2.63102745e-03  1.38000000e+00  4.63092071e-03  1.38000000e+00  5.70176258e-04  1.38000000e+00  7.20566525e-01  1.38000000e+00  8.42693559e-15 
 1.40000000e+00  2.72362939e-03  1.40000000e+00  4.62905664e-03  1.40000000e+00  5.82625155e-04  1.40000000e+00  7.20566525e-01  1.40000000e+00  8.43556851e-15 
 1.42000000e+00  2.81618141e-03  1.42000000e+00  4.62594526e-03  1.42000000e+00  5.95046723e-04  1.42000000e+00  7.20566525e-01  1.42000000e+00  8.44388194e-15 
 1.44000000e+00  2.90865951e-03  1.44000000e+00  4.62168009e-03  1.44000000e+00  6.07449511e-04  1.44000000e+00  7.20566525e-01  1.44000000e+00  8.45190916e-15 
 1.46000000e+00  3.00104149e-03  1.46000000e+00  4.61634657e-03  1.46000000e+00  6.19841616e-04  1.46000000e+00  7.20566525e-01  1.46000000e+00  8.45967998e-15 
 1.48000000e+00  3.09330677e-03  1.48000000e+00  4.61002277e-03  1.48000000e+00  6.32230737e-04  1.48000000e+00  7.20566525e-01  1.48000000e+00  8.46722125e-15 
 1.50000000e+00  3.18543628e-03  1.50000000e+00  4.60278016e-03  1.50000000e+00  6.44624231e-04  1.50000000e+00  7.20566525e-01  1.50000000e+00  8.47455737e-15 
 1.52000000e+00  3.27741229e-03  1.52000000e+00  4.59468416e-03  1.52000000e+00  6.57029155e-04  1.52000000e+00  7.20566525e-01  1.52000000e+00  8.48171061e-15 
 1.54000000e+00  3.36921835e-03  1.54000000e+00  4.58579476e-03  1.54000000e+00  6.69452309e-04  1.54000000e+00  7.20566525e-01  1.54000000e+00  8.48870154e-15 
 1.56000000e+00  3.46083916e-03  1.56000000e+00  4.57616696e-03  1.56000000e+00  6.81900268e-04  1.56000000e+00  7.20566525e-01  1.56000000e+00  8.49554927e-15 
 1.58000000e+00  3.55226045e-03  1.58000000e+00  4.56585122e-03  1.58000000e+00  6.94379416e-04  1.58000000e+00  7.20566525e-01  1.58000000e+00  8.50227174e-15 
 1.60000000e+00  3.64346893e-03  1.60000000e+00  4.55489390e-03  1.60000000e+00  7.06895973e-04  1.60000000e+00  7.20566525e-01  1.60000000e+00  8.50888595e-15 
 1.62000000e+00  3.73445221e-03  1.62000000e+00  4.54333756e-03  1.62000000e+00  7.19456020e-04  1.62000000e+00  7.20566525e-01  1.62000000e+00  8.51540819e-15 
 1.64000000e+00  3.82519870e-03  1.64000000e+00  4.53122134e-03  1.64000000e+00  7.32065520e-04  1.64000000e+00  7.20566525e-01  1.64000000e+00  8.52185423e-15 
 1.66000000e+00  3.91569757e-03  1.66000000e+00  4.51858121e-03  1.66000000e+00  7.44730342e-04  1.66000000e+00  7.20566525e-01  1.66000000e+00  8.52823947e-15 
 1.68000000e+00  4.00593868e-03  1.68000000e+00  4.50545026e-03  1.68000000e+00  7.57456276e-04  1.68000000e+00  7.20566525e-01  1.68000000e+00  8.53457913e-15 
 1.70000000e+00  4.09591251e-03  1.70000000e+00  4.49185896e-03  1.70000000e+00  7.70249049e-04  1.70000000e+00  7.20566525e-01  1.70000000e+00  8.54088841e-15 
 1.72000000e+00  4.18561016e-03  1.72000000e+00  4.47783533e-03  1.72000000e+00  7.83114345e-04  1.72000000e+00  7.20566525e-01  1.72000000e+00  8.54718260e-15 
 1.74000000e+00  4.27502322e-03  1.74000000e+00  4.46340518e-03  1.74000000e+00  7.96057815e-04  1.74000000e+00  7.20566525e-01  1.74000000e+00  8.55347724e-15 
 1.76000000e+00  4.36414381e-03  1.76000000e+00  4.44859229e-03  1.76000000e+00  8.09085092e-04  1.76000000e+00  7.20566525e-01  1.76000000e+00  8.55978826e-15 
 1.78000000e+00  4.45296450e-03  1.78000000e+00  4.43341855e-03  1.78000000e+00  8.22201804e-04  1.78000000e+00  7.20566525e-01  1.78000000e+00  8.56613207e-15 
 1.80000000e+00  4.54147828e-03  1.80000000e+00  4.41790413e-03  1.80000000e+00  8.35413584e-04  1.80000000e+00  7.20566525e-01  1.80000000e+00  8.57252576e-15 
